116017
115417
114817
114217
113617
113017
112417
111817
111217
110617
110017
109417
108817
108217
107617
107017
106417
105817
105217
104617
104017
103417
102817
102217
101617
101017
100417
99817
99217
98617
98017
97417
96817
96217
95617
95017
94417
93817
93217
92617
92017
91417
90817
90217
90217
89617
89017
88417
87817
87217
86617
86017
85418
84818
84218
83618
83018
82418
81818
81218
80618
80018
78218
77618
77018
76419
75819
75219
71619
71019
70419
69819
69219
68619
68020
67420
66820
66220
65620
65020
64420
63820
63820
63220
62620
62020
61421
60821
60221
59621
58421
57821
57222
56622
54222
53622
53022
51823
51223
50623
50023
49423
48823
48224
47624
47024
46424
45824
45224
44624
33227
32627
32027
31427
30828
30228
29628
29028
28428
27828
26629
26029
25429
24829
24229
23629
23029
22430
21830
21230
20630
20630
20030
19430
18830
18231
17631
17031
16431
15831
15231
14032
8633
8033
7434
6834
6234
5634
5034
87397
86797
86197
85597
84997
84398
83798
83198
82598
81998
81398
80798
80198
79598
78998
78399
77799
77199
76599
75999
75399
74799
74199
73599
72999
72400
71800
71200
70600
70000
69400
68800
68200
67600
67001
66401
65801
65201
64601
64001
63401
62801
62201
61601
61002
60402
59802
59202
58602
58002
57402
56802
56202
55602
55003
54403
53803
53203
52603
52003
51403
50803
50203
49603
49004
48404
47804
47204
46604
46004
45404
44804
44204
43605
43005
42405
41805
41205
40605
40005
39405
38805
38205
37606
37006
36406
35806
35206
34606
34006
33406
32806
32206
31607
31007
30407
29807
29207
28607
28007
27407
26807
26208
25608
25008
24408
23808
23208
22608
22008
21408
20808
20209
19609
19009
18409
17809
17209
16609
16009
15409
14809
14210
13610
13010
12410
11810
11210
10610
10010
9410
8810
8211
7611
7011
6411
5811
5211
4611
4011
3411
2812
2212
1612
1012
412
359458
358859
358860
358261
358262
357663
357664
357065
356466
356467
355868
355869
355270
355271
354672
354673
354074
353475
353476
352877
352878
352279
352280
351681
351082
351083
350484
350485
349886
349887
349288
349289
348690
348091
348092
347493
347494
346895
346896
346297
345698
345699
345100
345101
344502
344503
343904
343905
343306
343306
342707
342708
342109
342110
341511
341512
340913
340914
340315
340316
339717
339118
339119
338520
338521
337922
337923
337324
337325
336726
336127
336128
335529
335530
334931
334932
334333
334334
333735
333736
333137
332538
332539
331940
331941
331342
331343
330744
330745
330146
330147
329548
328949
328950
328351
328352
327753
327754
327155
327156
326557
325958
325959
325360
325361
324762
324763
324164
324165
323566
323567
322968
322369
322370
321771
321772
321173
321174
320575
320576
319977
319978
319379
318780
318781
318182
318183
317584
317585
316986
316987
316388
315789
315790
315191
315192
314593
314594
313995
313996
313397
313398
308015
308016
308017
307418
307419
306820
306821
306222
306223
305624
305625
305026
305027
304428
304429
303830
303831
303232
303233
302634
302635
302636
302037
302038
301439
301440
300841
300842
300243
300244
299645
299646
299047
299048
298449
298450
297851
297852
297852
297853
297254
297255
296656
296657
296658
296059
296060
295461
295462
294863
294864
294865
294266
294267
293668
293669
293670
293071
293072
292473
292474
292475
291876
291877
291278
291279
291280
290681
290682
290083
290084
289485
289486
289487
288888
288889
288290
288291
288292
287693
287694
287095
287096
287097
286498
286499
285900
285901
285902
285303
285304
284705
284706
284107
284108
284109
283510
283511
282912
282913
282913
282914
282315
282316
281717
281718
281719
281120
281121
281122
280523
280524
279925
279926
279927
279328
279329
279330
278731
278732
278133
278134
278135
277536
277537
276938
276939
276940
276341
276342
276343
275744
275745
275146
275147
275148
274549
274550
274551
273952
273953
273354
273355
273356
272757
272758
272159
272160
272161
271562
271563
271564
270965
270966
270367
270368
270369
269770
269771
269172
269173
269174
268575
268576
268577
267978
267979
267380
267381
267382
266783
266784
266785
266186
266187
265588
265589
265589
265590
264991
264992
264393
264394
264395
263796
263797
263798
263199
263200
262601
262602
262603
262004
262005
262006
260809
260810
260811
260212
260213
260214
259615
259616
259017
259018
259019
258420
258421
257822
257823
257824
257225
257226
257227
256628
256629
256030
256031
256032
255433
255434
255435
254836
254837
254238
254239
254240
253641
253642
253043
253044
253045
252446
252447
252448
251849
251850
251251
251252
251253
250654
250655
250656
250057
250058
249459
249460
249461
248862
248863
248864
248265
248266
247667
247668
247669
247070
247071
246472
246473
246474
245875
245876
245877
245278
245279
244680
244681
244682
244083
244084
244085
243486
243487
242888
242889
242889
242890
242291
242292
242293
241694
241695
241096
241097
241098
240499
240500
240501
239902
239903
239304
239305
239306
238707
238708
238709
238110
238111
238112
237513
237514
236915
236916
236917
236318
233332
233333
330599
329999
329399
328798
328198
327598
326997
326397
325796
325196
324596
323995
323395
322794
322194
321594
320993
320393
319792
319192
318592
317991
317391
316790
316190
315590
308985
308385
307784
307184
306584
305983
305383
304782
304182
303582
302981
302381
301780
301180
300580
299979
299379
298779
298178
297578
296977
296377
295777
295176
294576
293975
293375
292775
292174
291574
290973
290373
289773
289172
288572
287971
287371
286771
286170
285570
284969
284369
283769
283168
282568
281967
281367
280767
280166
279566
278965
278365
277765
277164
276564
275963
275363
274763
274162
273562
272962
272361
271761
271160
270560
269960
269359
268759
268158
267558
266958
266357
265757
265156
264556
263956
263355
262755
262154
261554
260954
260353
259753
259152
258552
257952
256150
243542
242942
242341
241741
241141
240540
239940
239339
238739
238139
237538
236938
236337
235737
235137
234536
233936
233335
232736
232137
232138
232139
231540
231541
230942
230943
230944
230345
230346
230347
229748
229150
229151
229152
228553
228554
228555
227956
227957
227358
227359
227360
226761
226762
226763
226164
226165
225566
225567
225568
224969
224970
224971
224372
223774
223776
223177
223178
223179
222580
222581
221982
221983
221387
220788
220789
220790
220191
220192
219593
219594
219595
218996
218997
218998
218399
116017
116018
115419
115420
115421
115422
114823
114824
114825
111244
111245
111246
110647
110648
110649
110050
110051
110052
110053
109454
109455
109456
108857
108858
108859
108860
108261
108262
108263
107664
107665
107666
107067
107068
107069
107070
106471
106472
106473
105874
105875
105876
105877
105278
105279
105280
104681
104682
104683
104684
104085
104086
104087
103488
103489
103490
103491
102892
102893
102894
102295
102296
102297
102298
101699
101700
101701
101102
101103
101104
100505
100506
100507
100508
99909
99910
99911
99312
99313
99314
99315
98716
98717
98718
98119
98120
98121
98122
97523
97524
97525
96926
96927
96928
96929
96330
96331
96332
95733
95734
95735
95136
95137
95138
95139
94540
94541
94542
93943
93944
93945
93946
93347
93348
93348
93349
93350
92751
92752
92753
92754
92755
92156
92157
92158
92159
92160
91561
91562
91563
91564
91565
90966
90967
90968
90969
90970
90371
90372
90373
90374
89775
89776
89777
89778
89779
89180
89181
89182
89183
89184
88585
88586
88587
88588
88589
87990
87991
87992
87993
87994
87395
87396
87397
359845
359245
358644
358044
357443
356843
349038
348438
347837
347237
346636
346036
345436
344835
344235
343634
343034
342434
341833
341233
340632
340032
339432
338831
338231
337630
337030
336430
335829
335229
334628
334028
333428
332827
332227
331626
331026
330426
329825
329225
328625
328024
327424
326823
326223
325623
325022
324422
323821
323221
322621
322020
321420
320819
320219
320219
319619
319019
318419
317819
312418
311818
311218
311218
310618
310017
309417
308816
308216
307616
307015
306415
305815
305214
304614
304013
303413
302813
302212
301612
301012
300411
299811
299210
298610
298010
297409
296809
296208
295608
295008
294407
293807
293207
292606
292006
291405
290805
290205
289604
289004
288404
287803
287203
286602
286002
285402
284801
284201
283600
283000
282400
281799
281199
280599
279998
279398
278797
278197
277597
276996
276396
275795
275195
274595
273994
273394
272794
272193
271593
270992
270392
269792
269191
268591
267991
267390
266790
266189
265589
265589
264989
264388
263788
263188
262587
261987
248179
247579
246978
246378
245778
245177
244577
243977
243376
242776
242176
241575
240975
240375
239774
239174
238574
237973
237373
236773
236172
235572
234972
234371
233771
233171
232570
231970
231370
230769
224766
224166
223565
222965
222364
221764
221164
220563
219963
219363
218762
218162
217562
216961
216361
215761
215160
214560
213960
213359
212759
212159
211558
210958
210358
209757
209157
242889
242289
241688
241088
240488
239887
239287
238687
238086
237486
236886
236285
235685
235085
234484
233884
233284
232683
232083
231483
230882
230282
229682
229081
228481
227881
227280
226680
226080
225479
224879
224279
223678
223078
222478
221877
221277
220676
220076
219476
218875
218275
217675
217074
216474
215874
215273
214673
214073
213472
212872
212272
211671
211071
210471
209870
209270
208069
207469
206869
206268
205668
205068
204467
203867
199671
199072
199073
198474
197875
197276
197277
196678
196079
196079
195480
194881
194282
193683
193684
193085
192486
191887
191288
190689
190689
190090
189491
188892
188293
187694
123600
123601
123602
123603
123604
123605
123606
123607
123608
123609
123610
123011
123012
123013
123014
123015
123016
123017
123018
123019
123020
123021
123021
123022
123023
123024
123025
123026
123027
123028
123029
123030
122431
122432
122433
122434
122435
122437
122438
122439
122440
122441
122442
122443
122444
122445
122446
122447
122448
121849
121850
121851
121852
121853
121854
121855
121856
121857
121858
121859
121860
121861
121862
121863
121864
121865
121866
121867
121268
121269
121270
121271
121272
121273
121274
121275
121276
121277
121278
121279
121280
121281
121282
121283
121284
121285
120686
120687
120688
120689
120690
120691
120692
120693
120694
120695
120695
120696
120697
120698
120699
120700
120701
120102
120103
120104
120105
120106
120107
120108
120109
120110
120111
120112
120113
120114
119515
119516
119517
119518
119519
119520
119521
119522
119523
119524
119525
119526
119527
119528
118929
118930
118931
118932
118933
118934
118935
118936
118937
118938
118939
118940
118941
118342
118343
118344
118345
118346
118347
118348
118349
118350
118351
118352
118353
118354
117755
117756
117757
117758
117759
117760
117761
117761
117762
117763
117764
117765
117766
117767
117768
117769
117770
117171
117172
117173
117174
117175
117176
117177
117178
117179
117180
117181
117182
117183
117184
117185
117186
117187
117188
117189
116590
116591
116592
116593
116594
116595
116596
116597
116598
116599
116600
116601
116602
116603
116604
116605
116606
116607
116008
116009
116010
116011
116012
116013
116014
116015
116016
116017
82109
82110
82111
82112
82113
82114
82115
82116
82717
82718
82719
82720
82721
82722
82723
82724
82725
82726
82727
82728
82729
82730
83331
83332
83333
83334
83335
83336
83337
83338
83339
83342
83343
83344
83945
83946
83947
83948
83949
83950
83953
83954
83955
83956
83957
83958
84559
84560
84561
84562
84563
84564
84565
84566
84567
84568
84569
84570
84571
84572
85173
85174
85175
85176
85177
85178
85179
85180
85181
85182
85183
85184
85185
85186
85787
85788
85789
85790
85791
85792
85793
85794
85795
85796
85797
85798
85799
82109
87397
87398
87399
87400
87401
87402
87403
86804
86805
86806
86807
86808
86809
86810
86811
86812
86813
86814
86815
86216
86217
86218
86219
86220
86221
86222
86223
86224
86225
86226
86227
86228
85629
85630
85631
85634
85635
85636
85637
85638
85639
85041
85042
85043
85044
85045
85046
85047
85048
85049
85050
85051
85052
85053
84454
84455
84456
84457
84458
84459
83866
83867
83868
83869
83870
83871
83872
83873
83874
83875
83876
83877
83278
83279
83280
83281
83282
83283
83284
83285
83286
83287
83288
83289
83290
82691
82692
82693
82694
82695
82696
82697
82698
82699
82700
82701
82702
82103
82104
82105
82106
82107
82108
87397
343306
342706
342106
341506
340907
340307
339707
339107
338507
337907
337307
336707
336108
335508
334908
334308
333708
333108
332508
331909
331309
330709
330109
329509
328909
328309
327710
327110
326510
325910
325310
324710
324110
323510
322911
322311
321711
321111
320511
319911
319311
318712
318112
317512
343306
273679
273079
272478
271878
271277
270677
270076
269476
268875
268275
267674
267074
266473
265873
265272
264672
264071
263471
262870
262270
261669
261069
260468
259868
259267
258667
258066
257466
256865
256265
255665
255064
254464
253863
253263
252662
252062
251461
250861
250260
249660
249059
248459
247858
247258
246657
246057
245456
244856
244255
243655
243054
273679
316312
315711
315111
314510
313910
313309
312709
312108
311508
310907
310307
309707
309106
308506
307905
307305
306704
306104
305503
304903
304302
303702
303101
302501
301901
301300
300700
300099
299499
298898
298298
297697
297097
296496
295896
295296
294695
294095
293494
292894
292293
291693
291092
290492
289891
289291
288690
288090
287490
286889
286289
285688
285088
284487
283887
283286
282686
282085
281485
280885
280284
279684
279083
278483
277882
277282
276681
276081
275480
274880
274279
129617
129017
128417
127818
127218
126619
126019
125419
124820
124220
123621
178204
177604
177004
176404
175805
175205
174605
174005
173405
172805
172205
171606
171006
170406
169806
169206
168606
168006
167407
166807
166207
165607
165007
164407
163807
163208
162608
162008
161408
160808
160208
159608
159009
178204
193204
192604
192004
191404
190804
190204
189604
189004
188404
187804
187204
186604
186004
185404
184804
184204
183604
183004
182404
181804
181204
180604
180004
179404
178804
193204
207615
207014
204612
204012
203411
202811
202211
201610
201010
200409
199809
199208
198608
198008
197407
196807
196206
195606
195005
194405
193804
223833
223233
222632
222031
220830
219028
218427
217826
217226
216625
216024
211219
210618
208816
238250
237650
237049
236448
235847
235247
234646
234045
233445
232844
232243
231643
231042
29443
28844
28845
28846
28847
28848
28849
28850
28851
28852
28853
28854
28855
28856
28257
28258
28259
28260
28261
28262
28263
28264
28265
28266
28267
28268
28269
27670
27671
27672
27673
27674
27675
27676
27677
27678
27679
27680
27681
27682
27083
27084
27085
27086
27087
27088
27089
27090
27091
27092
27093
27094
27095
26496
26497
26498
26499
26500
26501
26502
26503
26504
26505
26506
26507
26508
25909
25910
25911
25912
25913
25914
25915
25916
25917
25918
25919
25920
25921
25322
25323
25324
25325
25326
25327
25328
25329
25330
25331
25332
25333
25334
25335
24736
24737
24738
24739
24740
24741
24742
24743
24744
24745
24746
24747
24748
24156
24157
24158
24159
24160
24161
21224
21225
20626
20627
20628
20629
20630
18920
18320
17720
17120
16520
15921
15321
14721
14121
13521
12921
12321
11721
11121
10522
9922
9322
8722
8122
7522
6922
6322
5722
5123
4523
3923
3323
2723
2123
1523
923
323
18920
16332
15732
15132
14532
13932
13332
12732
12132
11532
10932
10332
9732
9132
8532
7932
7332
6731
6131
5531
4931
4331
3731
3131
2531
1931
1331
731
131
359404
358804
358204
357604
357004
356404
356404
355804
355204
354604
354004
353404
352804
352204
351604
351004
350403
349803
349203
348603
348003
347403
356404
357005
357006
357607
358208
358209
358810
359411
359412
356404
355200
355201
355802
355803
