282645
282646
283247
283248
283849
283850
283851
284452
284453
285054
285055
285056
285657
285658
285659
286260
286261
286862
286863
286864
287465
287466
288067
288068
288069
288670
288671
289272
289273
289274
289875
289876
290477
290478
290479
291080
291081
291082
291683
291684
292285
292286
292287
292888
292889
293490
293491
293492
294093
294094
294695
294696
294697
295298
295299
295900
295901
295902
296503
296504
297105
297106
297107
297708
297709
297710
298311
298312
298913
298914
298915
299516
299517
300118
300119
306697
306698
306099
306100
305501
305502
304903
304904
304305
304306
303707
303708
303109
303110
302511
302512
301913
301914
301315
301316
300717
300718
306697
321053
321054
320455
320456
319857
319858
319259
319260
318661
318062
318063
317464
317465
316866
316867
316268
316269
315670
315071
315072
314473
314474
313875
313876
313277
313278
312679
312080
312081
311482
311483
310884
310885
310286
310287
309688
309089
309090
308491
308492
307893
307894
307295
307296
286246
285646
285045
284445
283845
283245
282645
317296
317297
317898
317899
317900
317901
318502
318503
318504
319105
319106
319107
319108
319709
319710
319711
320312
320313
320314
320315
320916
320917
320918
321519
321520
321521
321522
322123
322124
322125
322726
322727
322728
322729
323330
323331
323332
323933
323934
323935
323936
324537
324538
325141
325142
325744
325745
325746
326347
326348
326349
326350
326951
326952
326953
327554
327555
327556
327557
328158
328159
328160
328761
328762
329968
329969
330572
330573
330574
331175
331176
331177
331178
331779
331780
359725
359125
358525
357925
357325
356725
356125
355525
354925
354325
353725
353125
352525
351925
351325
350725
350124
349524
348924
348324
347724
347124
346524
345924
345324
344724
344124
343524
342924
342324
341724
341124
340524
339924
339324
338724
338124
337524
336924
336324
335724
335124
334524
333924
333324
332723
332123
331523
330923
330323
329723
329123
328523
327923
327323
326723
326123
325523
324923
324323
323723
323123
322523
321923
321323
320723
320123
319523
318923
318323
317723
317123
316523
315922
315322
314722
314122
313522
312922
312322
311722
311122
310522
309922
309322
308722
308122
307522
331780
331180
330580
329980
329380
328780
328180
327580
326980
326380
325780
325180
324579
323979
323379
322779
322179
321579
320979
320379
319779
319179
318579
317979
317379
316779
316179
315579
314979
314379
313779
313179
312579
311979
311379
310778
310178
309578
308978
308378
307778
307178
306578
305978
305378
304778
331780
268200
268201
268802
268803
269404
269405
270006
270007
270608
270609
271210
271811
271812
272413
272414
273015
273016
273617
273618
274219
274220
274821
274822
275423
276024
276025
276626
276627
277228
277229
277830
277831
278432
278433
279034
279635
279636
280237
280238
280839
280840
281441
281442
282043
282044
69027
68427
67827
67228
66628
66028
65428
64829
64229
63629
63629
63029
62430
61830
61231
60631
60631
60031
59432
58832
58232
57633
57033
56433
55834
55234
54635
54035
53435
52836
52236
51636
51037
50437
49837
49238
48638
48038
47439
46839
46240
45640
45040
44441
43841
43241
42642
42042
42042
41442
40842
40242
39643
39043
38443
37843
37243
36643
36043
35443
34844
34244
33644
33044
32444
31844
31244
30644
30045
29445
28845
28245
27645
27045
26445
25846
25246
24646
24046
23446
22846
22246
20447
19247
18647
18047
17447
16848
16248
15648
15048
14448
13848
651
51
15225
14627
14628
14629
14030
14031
14032
14033
13434
13435
13436
12837
12838
12840
12242
12243
12244
11645
11646
11647
11049
11051
10452
10454
10455
9856
9857
9859
9260
9261
9262
9263
8664
24192
24193
23594
23595
22996
22997
22398
22399
21800
21801
21202
21203
20604
20605
20006
20007
19408
19409
18810
18811
18213
17615
24192
30771
30172
30173
28378
28379
27780
27781
27182
27183
26584
26585
25986
25987
25388
25389
24790
24791
30771
40948
40349
40350
39751
39152
38553
38554
37955
37356
36757
36758
36159
35560
34961
34363
33764
33165
33166
32567
31968
31369
31370
40948
54122
53523
52924
52325
52326
51727
51128
50529
49930
49331
49332
48733
48134
47535
46936
43343
42744
42745
42146
41547
54122
63704
63105
62506
61907
61308
61309
60710
60111
59512
58913
58314
57715
57116
56517
56518
55919
55320
54721
63704
70879
70880
70281
70282
69683
69684
69085
69086
68487
68488
67889
67890
67291
67292
66693
66694
66095
66096
65497
65498
64899
64900
64301
64302
63703
70879
71457
71458
71459
71460
71461
71462
71463
71464
71465
71466
71467
71468
70869
70870
70871
70872
70873
70874
70875
70876
70877
70878
71457
69027
69028
69029
69030
69631
69632
69633
69634
69635
69636
69637
69638
70239
70240
70241
70242
70243
70244
70245
70846
70847
70848
70849
70850
70851
70852
70853
71454
71455
71456
69027
66600
66601
67202
67203
67204
67205
67206
67207
67208
67209
67810
67811
67812
67813
67814
67815
67816
68417
68418
68419
68420
68421
68422
68423
69024
69025
69026
8665
8666
8067
8068
7469
7470
6871
6872
6873
6274
6275
5676
5677
5078
5079
5080
4481
4482
3883
3884
3285
3286
3287
2688
2689
2090
2091
1492
8665
34345
33746
33747
28957
28358
28359
27760
27161
26562
26563
25964
48117
47518
46919
46920
46321
45722
45123
48117
59497
58898
58299
57700
57101
56502
55903
55304
54705
54106
54107
53508
52909
52310
51711
51112
50513
49914
49315
48716
59497
63685
63086
63087
62488
62489
61890
61891
61292
60693
60694
60095
60096
63685
65474
65475
64876
64877
64878
64879
64280
64281
64282
64283
63684
65474
65461
65462
65463
65464
65465
65466
65467
65468
65469
65470
65471
65472
65473
65461
63629
63630
63631
63632
63633
63634
64235
64236
64237
64238
64239
64240
64241
64242
64243
64244
64245
64846
64847
64848
64849
64850
64851
64852
64853
64854
64855
65456
65457
65458
65459
65460
63629
61203
61204
61808
61809
61810
61811
62413
62414
62415
62416
62417
62418
63021
63022
63023
63024
63025
63626
63627
63628
331780
331781
331782
332383
332384
332385
332386
332987
332988
332989
332990
333591
333592
333593
333594
334195
334196
334197
334198
334199
317296
317297
316698
316699
316700
316701
316102
316103
316104
316105
315506
315507
315508
315509
314910
314911
314912
314313
314314
314315
314316
313717
313718
313719
313720
313121
313123
312524
312525
312526
312527
311928
311929
311930
311931
311332
311333
311334
311335
310736
310737
310738
310139
310140
310141
310142
309543
309544
309545
309546
308947
308948
308949
308950
308351
308352
308353
307754
307755
307756
307757
307158
307159
307160
307161
306562
306563
306564
305965
305966
305967
305968
305369
305370
305372
304773
304774
304776
304177
304178
304178
304179
303580
303581
303583
302984
302985
302986
302387
302388
302389
301791
301792
301194
301195
301196
300597
300598
300599
300119
300120
300121
300122
300123
300124
300125
300126
300727
300728
300729
300730
300731
300732
300733
300734
300735
300736
300737
300738
300739
300740
301341
301342
301343
301344
301345
301346
301347
301347
301348
301349
301350
301351
301352
301353
301354
301355
301956
301957
301958
301959
301960
301961
301962
301963
301964
301965
301966
301967
301968
301969
301970
301971
301972
301973
302574
302575
302576
302577
302578
302579
302580
302581
302582
302583
302584
302585
302586
302587
302588
302589
302590
303191
303192
303193
303194
303195
303196
303197
303198
303199
303200
303201
303202
303203
303204
303205
303206
303207
303208
303809
303810
303811
303812
303813
303814
303815
303816
303817
303820
303821
303825
304426
304427
304428
304429
304430
304431
304432
304433
304434
304435
304436
304437
304438
304439
304440
304441
304442
304443
305044
305045
305046
305047
305052
305055
305056
305057
305058
305059
305060
305661
305662
305663
305664
305665
305666
305667
305668
305669
305670
305671
305672
305673
305674
305675
305676
305677
305678
306279
306280
306281
306282
306283
306284
306285
306286
306287
306288
306289
306290
306291
306292
306293
306294
306295
306896
306897
306898
306899
306900
306901
306902
306903
306904
306905
306906
306907
306908
306909
306910
306911
306912
306913
307514
307515
307516
307517
307518
307519
307520
307521
307522
307522
307523
307524
307525
307526
307527
307528
307529
308130
308131
308132
308133
308134
308135
308136
308137
308138
308139
308140
308141
308142
308143
308144
308745
308746
308747
308748
308749
308750
308751
308752
308753
308754
308755
308756
308757
308758
308759
308760
309361
309362
309363
309364
309365
309366
309367
309368
309369
309370
309371
309372
309373
309374
309375
309976
309977
309978
309979
309980
309981
309982
309987
309988
309989
310591
310592
310593
310594
310595
310596
310597
310598
310599
310600
310601
310602
310603
310604
310605
310606
311207
311208
311209
311212
311213
311214
311215
311216
311217
311218
311219
311220
311221
311822
311823
311824
311825
311826
311827
311828
311829
311829
311830
311831
311833
312435
312436
312437
312438
312440
312441
312442
313043
313044
313045
313046
313047
313048
313049
313050
313051
313652
313653
313654
313655
313656
313657
313658
313659
314260
314261
314262
314263
314264
314265
314266
314267
314268
314869
314870
314871
314872
314873
314873
314874
314875
315476
315477
315478
315479
315480
315481
316082
316083
316084
316085
316086
316087
316688
316689
316690
316691
316692
316693
317294
317295
317296
359983
359383
358783
358183
357583
356983
356382
355782
355182
354582
353982
353382
352782
352182
351582
350982
350382
349782
349182
348582
347982
347382
346782
346181
345581
344981
344381
343781
343181
342581
341981
341381
340781
340181
339581
338981
338381
337781
337181
336580
335980
335380
334780
334180
333580
332980
332380
3094
2495
2496
1897
1898
1299
700
701
102
103
3094
4285
4286
4287
3688
3689
3690
3691
3092
3093
4285
3672
3673
3674
3675
3676
3677
3678
4279
4280
4281
4282
4283
4284
3672
661
662
1263
1264
1865
1866
2467
2468
3069
3070
3671
661
60
314873
314273
313673
313073
312473
311873
311273
310672
310072
309472
308872
308272
307672
307072
305272
304672
304072
303471
302871
302271
301671
301071
300471
299871
299271
298671
298071
297471
296871
280068
279468
278868
278268
277668
277068
276468
275868
275268
274667
274067
273467
272867
272267
271667
271067
270467
269867
269267
268667
268067
267466
266866
266266
265666
265066
311829
311229
310629
310029
309429
308228
307628
307028
306428
305828
305828
304028
302827
302227
301627
301027
300427
299827
299227
297426
296826
296226
295626
295026
292625
292025
291425
290825
287224
286624
286024
285423
284823
284223
283623
283023
282423
281823
281222
280622
280022
279422
278822
278222
277622
277021
276421
275821
275221
274621
274021
273421
272821
272220
271620
271020
270420
269820
269220
268620
268019
267419
266819
266219
266219
264418
263818
263218
260817
260217
257216
229009
228408
206802
206202
205602
205002
204402
203201
202601
202001
199000
198400
197800
195999
195399
337900
337300
336699
336099
335499
334899
334299
333699
333099
332499
331899
331299
330699
330099
329499
328899
328299
327699
327099
326499
325899
325299
324698
324098
323498
322898
322298
321698
321098
320498
319898
319298
318698
318098
317498
316898
316298
315698
315098
314498
313898
313298
312697
312097
311497
310897
310297
309697
309097
308497
307897
307297
306697
70879
70880
70881
70882
71483
71484
71485
71486
71487
71488
71489
179996
179396
178796
178195
177595
176995
176394
175794
