317351
317352
317353
317954
317955
317955
317956
318557
318558
318559
318560
319161
319162
319163
319764
319765
319766
319767
320368
320369
320370
320971
320972
320973
320974
321575
321576
321577
322178
322179
322180
322181
322782
322783
322783
322784
323385
323386
323387
323388
323989
323990
323991
324592
324593
324594
324595
325196
325197
325198
325799
230846
230246
229646
229046
228447
227847
227247
226647
226047
225447
224847
224247
223648
223048
222448
230846
234446
233846
233246
232646
232046
231446
234446
245848
245248
244648
244048
243448
242847
242247
241647
241047
240447
239847
239247
238647
238047
237447
236846
236246
235646
235046
245848
275259
274659
274059
273458
272858
272258
271658
271057
270457
269857
269257
268657
268056
267456
266856
266256
265655
265055
264455
263855
263255
262654
262054
261454
258453
257852
257252
256652
256052
255452
254851
254251
253651
253051
252450
251850
251250
250650
250050
249449
248849
248249
247649
247048
246448
275259
309587
308987
308387
307788
307188
306588
305988
305389
304789
304189
303589
302990
302390
301790
301190
300591
299991
299391
298791
298192
297592
296992
296392
295793
295193
294593
293993
293394
292794
292194
291594
290995
290395
289795
289195
288596
287996
287396
286796
286197
285597
284997
284397
283798
283198
282598
281998
281399
280799
280199
279599
309587
322783
322183
321583
320984
320384
319784
319184
318584
317984
317385
316785
316185
315585
314985
314386
313786
313186
312586
311986
311386
310787
310187
322783
97077
96477
95877
95277
94677
94077
93477
92877
92277
91677
91077
90477
89877
89277
88677
88078
87478
86878
86278
85678
85078
84478
83878
83278
82678
82078
81478
80878
80278
79678
79078
78478
77878
77278
76678
76078
75478
74878
74278
73678
73078
72478
71878
71279
70679
70079
69479
68879
68279
67679
67079
66479
65879
65279
64679
64079
63479
62879
62279
61679
61079
60479
59879
59279
58679
58079
57479
56879
56279
55679
55079
54480
53880
53280
52680
52080
51480
50880
50280
49680
49080
48480
47880
47280
46680
46080
45480
44880
44280
43680
43080
42480
41880
41280
40680
40080
39480
38880
38280
37681
37081
36481
35881
35281
34681
34081
33481
32881
32281
31681
31081
30481
29881
29281
28681
28081
27481
26881
26281
25681
25081
24481
23881
23281
22681
22081
21481
20882
20282
19682
19082
18482
17882
17282
16682
16082
15482
14882
14282
13682
13082
12482
11882
11282
10682
10082
9482
8882
8282
7682
7082
6482
5882
5282
4682
4083
3483
2883
2283
1683
1083
483
97077
108477
107877
107277
106677
106077
105477
104877
104277
103677
103077
102477
101877
101277
100677
100077
99477
98877
98277
97677
108477
122275
121675
121075
120475
119875
119275
118676
118076
117476
116876
116276
115676
115076
114476
113876
113276
112676
112076
111477
110877
110277
109677
109077
122275
140871
140271
139671
139071
138472
137872
137272
136672
136072
135472
134872
134272
133673
133073
132473
131873
131273
130673
130073
129473
128874
128274
127674
127074
126474
125874
125274
124674
124075
123475
122875
140871
145669
145069
144469
143870
143270
142670
142070
141471
145669
329390
328789
328189
327588
326987
326387
325786
325186
324585
323984
323384
329390
337199
336598
335998
335397
334796
334196
333595
332994
332394
331793
331192
330591
329991
152983
152984
152985
153586
153587
153588
153589
154190
154191
154192
154193
154794
154795
154796
154797
155398
155399
152983
151772
151773
151774
152375
152376
152377
152378
152379
152380
152981
152982
151772
145725
145726
145727
146328
146329
146330
146331
146332
146933
146934
146935
146936
147537
147538
147539
147540
147541
148142
148143
148144
148145
148146
148747
148748
148749
148750
149351
149352
149353
149354
149355
149956
149957
149958
149959
149960
150561
150562
150563
150564
151165
151166
151167
151168
151169
151770
151771
145725
18376
17776
17175
16575
15975
11772
9971
9371
7570
6970
3968
3368
2768
2167
1567
967
366
18376
41188
40588
39987
39387
38787
38186
37586
36986
36385
35785
35185
34585
33984
33384
32784
32183
31583
30983
30382
29782
29182
28581
27981
27381
26780
26180
25580
24979
24379
23779
23179
22578
21978
21378
20777
20177
19577
18976
41188
47792
47192
46591
45991
45391
44790
44190
43589
42989
42389
41788
108071
107471
106872
106872
106273
105673
105074
105074
104475
103875
103276
102676
102077
101478
100878
100279
99680
99080
98481
97881
97282
96683
96083
95484
94884
94285
93686
93086
92487
91888
91288
90689
90089
89490
88891
88291
87692
87093
86493
85894
85294
84695
84096
83496
82897
82297
81698
81099
80499
79900
79301
78701
78102
77502
76903
76903
76304
75704
75105
74506
73906
73307
72708
72108
71509
70910
70310
69711
69711
69112
68512
67913
67314
66714
66115
65516
64916
64317
63717
63118
62519
61919
61320
60721
60121
59522
58923
58323
57724
57125
56525
55926
55326
54727
54128
53528
52929
52330
51730
51131
51131
50532
49932
49333
48734
48134
47535
46936
46336
45737
45138
44538
43939
43339
42740
42141
41541
40942
40343
39743
39144
38545
37945
37346
36747
36147
35548
34949
34349
33750
33151
32551
31952
31353
30753
30154
29554
28955
28356
27756
27157
26558
25958
25359
24760
24160
23561
22962
22362
21763
21164
20564
19965
19366
18766
18167
17567
16968
16369
15769
15170
14571
13971
13372
12773
12173
11574
10975
10375
9776
9177
8577
7978
7379
6779
6180
5581
4981
4382
3782
3183
2584
1984
1385
786
186
168667
168068
167469
166870
166271
166272
165673
165074
164475
168667
179444
178845
178246
174654
174055
173457
172858
172259
171660
171661
171062
170463
169864
169865
169266
179444
181841
181242
180642
180043
181841
184238
183639
183039
182440
184238
160213
159612
159012
158411
157810
157210
156609
156008
155407
154807
154206
153605
153005
160213
180633
180032
179432
178831
178231
177630
177029
173426
172225
169822
169222
168621
168021
167420
166819
166219
165618
165018
164417
163817
163216
162615
162015
161414
160814
180633
182435
181834
181234
182435
182435
183036
183637
184238
133007
133008
133009
133610
133611
133612
133613
133614
134215
134216
134217
134218
134219
134820
134821
134822
134823
134824
135425
135426
135427
135428
135429
136030
136031
136032
136033
136034
136635
136636
136637
136638
136639
137240
137241
137242
137243
137844
137845
137846
137847
137848
138449
138450
138451
138452
138453
139054
139055
139056
139057
139058
139659
139660
139661
139662
139663
140264
140265
140266
140267
140268
140869
140870
133007
128170
128171
128172
128773
128774
128775
128776
129377
129378
129379
129380
129381
129982
129983
129984
129985
129986
130587
130588
130589
130590
131191
131192
131193
131194
131195
131796
131797
131798
131799
131800
132401
132402
132403
132404
133005
133006
128170
122744
122745
123346
123347
123348
123949
123950
123951
124552
124553
124554
125155
125156
125157
125758
125759
126360
126361
126362
126963
126964
126965
127566
127567
127568
128169
122744
120334
120335
120936
120937
121538
121539
121540
122141
122142
122743
120334
108304
108905
108906
109507
110108
110109
110710
111311
111312
111913
112514
112515
113116
113717
113718
114319
114920
114921
115522
116123
116124
116725
117326
117327
117928
118529
118530
119131
119732
119733
108304
105899
106500
107101
107102
107703
128170
127570
126971
126371
125772
125172
124573
123973
123374
122774
122175
121575
120976
120376
119776
119177
118577
111383
110783
110184
109584
108985
108385
107786
107186
106587
105987
105388
104788
103589
102989
102390
101790
101191
100591
99992
99392
98793
98193
97594
96994
96994
96394
95794
95194
94594
93994
93394
92794
92194
91594
90994
90394
89794
89194
88594
87994
87394
86794
86195
85595
84995
84395
83795
83195
82595
81995
81395
80795
80195
79595
78995
78395
77795
77195
76595
75995
75395
74795
74195
73595
72995
72395
71795
71195
70595
69995
69395
68795
68195
67595
66995
66395
65795
65195
64596
63996
63396
62796
62196
61596
60996
60396
59796
59196
58596
57996
57396
56796
56196
55596
152404
152405
153006
153007
153008
153009
153610
153611
153612
153613
154214
154215
154216
154217
154818
154819
154820
154821
155422
155423
155424
156025
156026
156027
156028
156629
156630
156631
156632
157233
157234
157235
157236
157837
157838
157839
157840
158441
158442
158443
159044
159045
159046
159047
159648
159649
159650
159651
160252
160253
160254
160255
160856
160857
160858
161459
161460
161461
161462
162063
162064
162065
162066
162667
162668
162669
162670
163271
163272
163273
163274
163875
163876
163876
163877
164478
164479
164480
164481
165082
165083
165084
165085
165686
165687
165688
165689
166290
166291
166292
166893
166894
166895
166896
167497
167498
167499
167500
168101
168102
168103
168104
168705
168706
168707
168708
169309
169310
169311
169912
169913
169914
169915
170516
170517
170518
170519
171120
171121
171122
171123
171724
171725
171726
172327
172328
172329
172330
172931
172932
172933
172934
173535
173536
173537
173538
174139
174140
174141
174742
174743
174744
174745
175346
175347
175348
175349
175950
175951
175952
175953
176554
176556
177157
177158
177159
177160
177761
177762
177763
177764
178365
178366
178367
178368
178969
178970
178971
178972
179573
179574
179575
180176
180177
180178
180179
180780
180781
180782
180783
181384
181385
181386
181387
181988
181989
181990
182591
182592
182593
182594
183195
183196
183197
183198
183799
183800
183801
183802
184403
184404
184404
184405
185006
185007
185008
185009
185610
185611
185612
185613
186214
186215
186216
186217
186818
186819
186820
186821
187422
187423
187424
187425
188026
188027
188028
188029
188630
188631
188632
189233
189234
189235
189236
189837
189838
189839
189840
190441
190442
190443
190444
191045
191046
191047
191048
191649
191650
191651
191652
192253
192254
192255
192256
192857
192858
192859
193460
194064
194065
194066
194067
194668
194669
194670
194671
195272
195273
195274
195275
195876
195877
195878
195879
196480
196481
196482
196483
197084
197085
151800
151801
151802
152403
152404
151772
151172
150572
149972
149372
148772
148172
147572
146972
146372
145772
145172
144572
138571
137971
137371
136771
127139
127140
127741
127742
127743
127744
128345
128346
128347
128948
128949
128950
128951
129552
129553
129554
129555
130156
130157
130158
130759
130760
130761
127139
131331
130732
130133
129534
129535
128936
128337
127738
131331
145725
145125
144525
143926
143326
142726
142126
141527
140927
140327
139727
139128
138528
137928
137328
136729
136129
135529
134929
134330
133730
133130
132530
131931
145725
146919
146920
146321
146322
146323
145724
146919
145709
145710
146312
146313
146314
146315
146316
146917
146918
145709
190769
190169
189569
188970
188370
187770
187170
186571
185971
185371
184771
184171
183572
182972
182372
181772
181173
180573
179973
179373
178773
178174
177574
176974
176374
175775
175175
174575
173975
173375
172176
171576
170976
170377
169777
169177
168577
167977
167378
166778
166178
165578
164979
164379
163779
163179
162579
161980
161380
160780
160180
159581
158981
158381
157781
157181
156582
155982
155382
154782
154183
153583
190769
189563
190164
190165
190166
190167
190768
190769
190770
190771
191372
191373
191374
191375
191376
191977
191978
191979
191980
191981
192582
192583
192584
192585
192586
193187
193188
193189
193189
193190
193191
193792
193793
193794
193795
194396
194397
194398
194399
221848
221248
220648
220049
219449
218849
218249
217649
217049
216450
215850
215250
214650
214050
213450
212851
212251
211651
211051
210451
209851
209252
208652
221848
221848
221849
222450
222451
222452
222453
223054
223055
223056
223057
223658
223659
223660
223661
224262
224263
224264
224265
224866
224867
224868
224869
225470
225471
225471
225472
226073
226074
226075
226076
226677
226678
226679
226680
227281
227282
227283
227284
227885
227886
227887
227888
228489
228490
228491
229092
229093
229094
229095
229696
229697
229698
229699
230300
230301
230302
230303
230904
230905
230905
230906
230907
231509
232112
232114
232115
232716
232717
232718
232719
233320
233321
233322
233323
233924
233925
233926
233927
234528
234529
234530
234531
235132
235133
235134
235135
235736
235737
235738
235739
236340
236341
236342
236343
236944
236945
236946
236947
237548
237549
237550
237551
237552
238153
238154
238155
238156
238757
238758
238759
238760
239361
239362
239363
239364
239965
239966
239967
239968
240569
240570
240571
240572
241173
241174
241175
241176
241777
241778
241779
241780
242381
242382
242383
242384
242985
242986
242987
242988
243589
243590
243591
243592
244193
244194
244195
244196
244797
244799
205033
205034
205635
205636
205637
205638
206239
206240
206241
206242
206843
206844
206845
206846
207447
207448
207449
207450
208051
205033
203219
203220
203221
203822
203823
203824
203825
203826
204427
204428
204429
204430
205031
205032
203219
186911
186912
186913
187514
187515
187516
187517
188118
188119
188120
188121
188722
188723
188724
188725
189326
189327
189328
189329
189930
189931
189932
189933
190534
190535
190536
190537
191138
191139
191140
191141
191742
191743
191744
191745
192346
192347
192348
192349
192950
192951
192952
192953
193554
193555
193556
193557
194158
194159
194160
194161
194762
194763
194764
194765
195366
195367
195368
195369
195970
195971
195972
195973
196574
196575
196576
196577
197178
197179
197180
197181
197782
197784
197785
198386
198387
198388
198389
198990
198992
198993
199594
199595
199596
199597
200198
200199
200200
200201
200802
200803
200804
200805
201406
201407
201408
201409
202010
202011
202012
202013
202614
202615
202616
202617
203218
186911
183890
183891
183892
184493
184494
184495
184496
185097
185098
185099
185100
185701
185702
185703
185704
186305
186306
186307
186308
186909
186910
183890
180268
180269
180870
180871
180872
180873
181474
181475
181476
181477
182078
182079
182080
182681
182682
182683
182684
183285
183286
183287
183288
183889
180268
138000
138001
138002
138003
138604
138605
138606
138607
139208
139209
139210
139811
139812
139813
139814
140415
140416
140417
140418
141019
141020
141021
141022
141623
141624
141625
141626
142227
142228
142229
142830
142831
142832
142833
143434
143435
143436
143437
144038
144039
144040
144041
144642
144643
144644
144645
145246
145247
145248
145249
145850
145851
145852
146453
146454
146455
146456
147057
147058
147059
147060
147661
147662
147663
147664
148265
148266
148267
148268
148869
148870
148871
149472
149473
149474
149475
150076
150078
150079
150680
150681
150682
150683
151284
151285
151286
151287
151888
151889
151890
152491
152492
152493
152494
153095
153096
153097
153098
153699
153700
153701
153702
154303
154304
154305
154306
154907
154908
154909
155510
155511
155512
155513
156114
156115
156116
156117
156718
156719
156720
156721
157322
157323
157324
157325
157926
157927
157928
158529
158530
158531
158532
159133
159134
159135
159136
159737
159738
159739
159740
160341
160342
160343
160344
160945
160946
160947
160948
161549
161550
161551
162152
162153
162154
162155
162756
162757
162758
162759
163360
163361
163362
163363
163964
163965
163966
163967
164568
164569
164570
165171
165172
165173
165174
165775
165776
165777
165778
166379
166380
166381
166382
166983
166984
166985
166986
167587
167588
167589
168190
168191
168192
168193
168794
168795
168796
168797
169398
169399
169400
169401
170002
170003
170004
170005
170606
170607
170608
171209
171210
171211
171212
171813
171814
171815
171816
172417
172418
172419
172420
173021
173022
173023
173024
173625
173626
173627
173628
174229
174230
174231
174832
174833
174834
174835
175436
175437
175438
175439
176040
176041
176042
176043
176644
176645
176646
176647
177248
177249
177250
177851
177852
177853
177854
178455
178456
178457
178458
179059
179060
179061
179062
179663
179664
179665
179666
180267
108477
108478
108479
108480
108481
109090
109091
109092
109093
109094
109095
109707
109708
109709
109710
109711
109712
109713
109714
109715
109716
109717
109718
109719
109720
109721
109722
109723
109724
109725
109726
109727
109728
111576
111577
112178
112179
112180
112181
112782
112783
112784
112785
112786
113387
113388
113389
113390
113991
113992
113993
113994
114595
114596
114597
114598
114599
317955
317355
316755
316156
315556
314956
314356
313757
313157
312557
311957
311357
293364
292764
292164
291565
290965
290365
289765
289165
288566
287966
287366
286766
286167
285567
284967
284367
283767
283168
282568
281968
281368
280768
279569
278969
278369
277770
277170
276570
275970
275370
274771
274171
273571
272971
272372
271772
271172
270572
269972
269373
268773
268173
267573
266973
266374
265774
265174
264574
263975
263375
262775
262175
261575
260976
260376
259776
259176
258577
257977
257377
256777
256177
255578
254978
254378
253778
253178
252579
251979
251379
250779
250180
249580
248980
103836
103837
103838
105661
106266
106267
106268
106869
106870
106871
106872
44515
45116
45117
45718
46319
46320
46921
47522
47523
48124
48725
49326
49327
49928
50529
50530
51131
46246
46847
47448
48049
48650
49251
49852
50453
51054
51655
52256
52857
53458
54059
54660
55261
55862
56463
57064
57665
58266
58867
59468
60069
60670
61271
61872
62473
63074
63675
64276
64877
65478
66079
66680
67281
67882
68483
68483
69084
69085
69686
70287
70288
70889
71490
72091
72092
72693
73294
73295
73896
74497
74498
75099
75700
76301
76302
76903
126007
125408
124809
124209
123610
123011
122412
121812
121213
120614
120015
119416
118816
118217
117618
117019
116420
115820
115221
114622
114023
113423
112824
112225
111626
111027
110427
109828
109229
108630
108031
107431
106832
106233
105634
105034
104435
103836
103836
103237
102638
102038
101439
100840
100241
99642
99042
98443
97844
97245
96646
96046
95447
94848
94848
94249
93649
93050
92451
91852
91252
90653
90653
90054
89455
88855
88256
87657
87058
86459
85859
85260
84661
84062
83463
82864
82264
81665
81066
80467
79868
79268
78669
78070
77471
76872
76272
75673
75074
74475
73876
73277
72677
72078
71479
70880
70281
69681
69082
68483
68483
67884
67285
66685
66086
65487
64888
64289
63689
63090
62491
61892
61293
60693
60094
59495
58896
58297
57697
57098
56499
55900
55301
54701
54102
53503
52904
52305
51705
51106
50507
49908
49309
48709
48110
47511
46912
46313
45713
45114
44515
44515
43916
43317
42717
42118
41519
40920
40321
39721
39122
38523
37924
37325
36725
36126
35527
34928
34329
33729
33130
32531
31932
31333
30733
30134
29535
28936
28337
27737
27138
26539
25940
15753
15154
14555
13956
13356
12757
12158
11559
10960
10360
9761
9162
8563
7964
7364
6765
6166
5567
4968
4368
3769
3170
2571
1972
1372
773
174
174
175
94848
95449
95450
96051
96652
96653
97254
97855
97856
98457
99058
99059
99660
99661
100262
100863
100864
101465
102066
102067
102668
103269
103270
103871
104472
104473
105074
184234
184235
184236
184237
184234
185429
185430
184831
184832
184233
185429
195005
194407
193808
193209
193210
192611
192012
192013
188421
187823
187224
187225
186626
186027
186028
184238
184239
184240
184841
184842
184842
185443
185444
186045
213690
213089
212488
211887
211286
210685
210084
209483
208882
208281
207680
207079
206478
205877
205276
204675
204074
203473
202872
202271
201670
201069
200468
199868
199267
198666
198065
197464
196863
196262
195661
195060
194459
193858
193257
192656
192055
191454
190853
190252
189651
189050
188449
187848
187247
186646
213690
236521
235920
235319
234719
234118
233517
228110
227509
226908
226307
225706
225106
224505
223904
223303
222702
222101
221501
220900
220299
219698
219097
218497
217896
217295
216694
216093
215492
214892
214291
236521
252741
250939
250338
248536
247935
246133
244331
243730
241928
241327
239525
238924
237722
237122
277419
282224
281623
281023
280422
279822
279221
278620
278020
282224
282224
282225
282826
282827
282828
282829
283430
283431
283432
284033
284034
284035
284636
284637
284638
284639
285240
285241
285242
285843
285844
285845
286446
286447
286448
286449
287050
287051
287052
287653
287654
287655
287656
288257
288258
288259
288860
288861
288862
289463
289464
289465
289466
290067
290068
290069
290670
290671
290672
291273
291274
291275
291276
291877
291878
291878
291278
290678
290079
289479
288879
288279
287680
287080
286480
285880
285281
359206
358606
358006
357406
311781
311181
310580
309980
309380
308780
308179
307579
307579
306978
306378
305777
305177
304576
303975
303375
302774
302174
301573
300972
300372
299771
299171
298570
297970
296768
286558
285958
285357
284756
284156
283555
282955
282354
281753
281153
280552
279351
270342
269742
269141
4200
3601
3002
2403
1804
1205
606
7
140871
140872
140873
141474
141475
141476
141477
141478
141479
142080
142081
142082
143290
143291
143292
143293
143294
143295
143896
143897
143898
143899
143900
144501
144502
140871
144503
144504
145105
145106
145107
145708
144503
195486
194886
194286
193687
193087
192487
191887
191287
190688
190088
189488
188888
188288
187689
187089
186489
185889
185289
184690
184090
183490
182890
182290
181691
181091
180491
179891
179291
178692
178092
177492
176892
176292
175693
175093
174493
173893
173293
172694
172094
171494
170894
170294
169095
168495
167895
167295
166696
166096
164296
163697
163097
162497
161897
161297
160698
160098
159498
158898
158298
157699
157099
156499
155899
155299
154700
154100
153500
152900
152300
151701
151101
150501
149901
149301
148702
148102
147502
146902
146302
145703
145103
144503
144503
143903
143304
142704
142104
141504
140905
140305
139705
139105
138506
137906
137306
136706
136107
135507
134907
134307
133708
133108
132508
131908
131309
130709
130109
129509
128910
128310
122275
122276
122877
122878
122879
122880
123481
123482
123483
124084
126501
127102
127103
127104
127705
127706
127707
127708
128309
122275
128310
128311
128312
130725
130726
130727
130728
131329
131330
131331
183503
182903
182304
181704
181104
180505
179905
179305
178706
178106
177506
174508
165513
164914
164314
163715
163115
162515
161916
161316
160716
160117
159517
158917
158318
157718
157118
156519
155919
155319
154720
154120
153520
152921
152321
151722
151122
150522
149923
149323
148723
148124
147524
146924
183503
195486
194887
194288
193689
193089
192490
191891
191292
190693
190094
189494
188895
188296
187697
187098
186499
185900
185300
184701
184102
195486
194875
194876
194877
194878
194879
194880
195481
195482
195483
195484
195485
194875
192456
192457
192458
193059
193060
193061
193062
193063
193664
193665
193666
193667
194268
194269
194270
194271
194272
194873
194874
192456
257196
257197
256598
256599
256600
256001
256002
255403
255404
255405
254806
254807
254808
254209
254210
254211
253612
253613
253014
253015
253016
252417
252418
252419
251820
251821
251822
251223
251224
250625
250626
250627
250028
250029
250030
249431
249432
248833
248834
248835
248236
248237
248238
247639
247640
247641
247042
247043
246444
246445
246446
245847
257196
269141
269142
268543
268544
268545
267946
267947
267348
267349
267350
266751
266752
266753
266154
266155
266156
265557
265558
264959
264960
264961
264362
264363
264364
263765
263766
263767
263168
263169
262570
262571
262572
261973
261974
261376
260779
260780
260181
260182
260183
259584
259585
259586
258987
258988
258989
258390
258391
257792
257793
257794
257195
269141
55030
54430
53830
53230
52630
52030
51430
50830
50230
49630
49030
48430
47830
47230
46630
46030
45430
44831
44231
43631
43031
42431
41831
41231
40631
40031
55030
97027
96427
95827
95227
94627
94027
93427
92827
92227
91627
91027
90427
89828
89228
88628
88028
87428
85028
81428
80828
80228
79628
79028
74229
73629
73029
72429
71829
71229
70629
70029
69429
68829
68229
67629
67029
66429
65829
65229
64629
64029
63429
62829
62229
61630
61030
60430
59830
59230
58630
58030
57430
56830
56230
55630
97027
133007
132407
131808
131208
130608
130009
129409
128809
128210
127610
127010
126411
125811
125211
124612
124012
123412
122813
122213
121613
121014
120414
119814
119215
118615
118015
117416
116816
116216
115617
115017
114417
113818
113218
112618
112019
111419
110819
110220
109620
109020
108421
107821
107221
106622
106022
105422
104823
104223
103623
103024
102424
101824
101225
100625
100025
99426
98826
98226
97627
133007
96994
97004
97005
97008
97009
97010
97011
97020
97021
97022
97023
97024
97025
97026
97027
97027
97028
97029
97030
97031
97032
97033
97034
97035
97036
97037
97067
97068
97069
97070
97071
97072
97073
97074
97075
97076
97077
17702
17102
15901
15301
14700
14100
13500
12899
12299
11699
11098
10498
9897
9297
8697
8096
35712
35112
34511
33911
33311
32710
32110
31510
30909
30309
29709
29108
28508
27908
27308
26707
26107
25507
24906
24306
23105
21304
35712
39915
38714
38114
37513
36913
36312
48923
48322
47722
47121
46521
45920
45320
48923
53728
53127
52527
51926
51326
50725
50124
49524
53728
56731
56130
55530
54929
82538
81938
81338
80738
80138
79538
78938
78338
77738
77138
76538
75938
75338
82538
100535
99935
99335
98735
98135
97535
96936
96336
95736
95136
94536
93936
93336
92736
92136
91536
90937
90337
89737
89137
88537
87937
87337
86737
86137
85537
84938
84338
83738
83138
100535
107134
106534
105934
105334
104734
104134
103535
102935
102335
101735
101135
107134
113735
113135
112535
111935
111335
110735
110134
109534
108934
108334
107734
113735
122744
122143
121543
120942
120342
119741
119140
118540
117939
117339
116738
116137
115537
114936
114336
122744
10996
10397
9797
9198
8598
7999
7399
6800
6201
5601
10996
12195
11595
100504
101105
101706
102307
102308
102909
103510
103511
104112
104713
104714
105315
105916
105917
106518
107119
107720
107721
108322
108923
108924
109525
110126
110127
110728
111329
111930
111931
112532
113133
113134
54407
54408
54409
54410
54411
54412
54413
55014
55015
55016
55017
55018
55019
55020
55021
55022
55023
55024
55025
55026
55027
55028
55029
55030
69711
70312
70313
69711
258224
258225
258226
258227
258227
258228
258829
258830
258831
259432
259433
259434
259435
260036
260037
260038
260639
260640
260641
261242
261243
261244
261245
261846
261847
261848
262449
262450
262450
262451
263052
263053
263054
285812
285213
284613
284013
283413
282814
282214
275617
275017
274417
273817
273218
269619
269019
268420
267820
267220
266620
266021
265421
264821
264221
263622
263022
262422
261822
261223
260623
260023
259423
258824
258224
277419
276819
276219
275620
275020
264224
263625
263025
262425
261825
261226
277419
243110
242511
241912
241313
240714
240115
239516
238917
238318
237719
237120
243110
261732
261131
259329
257527
256926
255725
255124
253923
253322
252721
251520
250919
250318
249718
249117
248516
247916
247315
246714
246113
245513
244912
244311
243711
284001
283402
282802
282202
197085
197086
197087
197688
197689
197690
197691
198292
198293
198294
198295
198896
198897
198898
199500
199501
199502
199503
200104
200106
200107
200708
200709
200710
200711
201312
201313
201314
201315
201916
201917
201918
201919
202520
202521
202522
202523
203124
203125
203126
203127
203728
203729
203730
203731
204332
204333
204334
204335
204936
204937
204938
204939
205540
205541
205542
205543
206144
206145
206146
206748
206749
206750
206751
207352
207353
207354
207355
207956
207957
207958
207959
208560
208562
208563
209165
209166
209167
209768
209769
209770
209771
210372
210374
210375
210976
210977
210978
210979
211580
211581
211582
211583
212184
212185
212186
212187
212788
212789
212790
212791
213392
213393
213394
213395
213996
213997
213998
213999
214600
214601
214602
214603
215204
215205
215206
215207
215808
215809
215810
215811
216412
216413
216413
216414
217015
217016
217017
217018
217619
217620
217621
217622
218223
218224
218225
218226
218827
218828
218829
218830
219431
219432
219433
219434
220035
220036
220037
220038
220639
220640
220641
220642
221243
221244
221245
221246
221847
221848
275259
274659
274059
273459
272859
272260
271660
271060
270460
269860
269260
268660
268060
267460
266861
266261
265661
265061
264461
263861
263261
262661
262061
261462
260862
260262
259662
259062
258462
257862
257262
256663
256063
255463
254863
254263
253663
253063
252463
251863
251264
250664
250064
249464
248864
248864
248264
247664
247065
246465
245865
245265
244665
244066
243466
242866
242266
241666
241067
240467
239867
239267
238667
238068
237468
236868
236268
235668
235069
234469
233869
233869
233269
232669
232069
231470
230870
230270
229670
229070
228470
227870
227271
226671
226071
225471
225471
224871
224271
223672
223072
222472
221872
221273
220673
220073
219473
218873
218274
217674
217074
216474
215874
215275
214675
214075
213475
212876
212276
211676
292666
292066
291466
290865
290265
289665
289065
288464
287864
287264
286664
286063
285463
284863
284263
283662
283062
282462
281862
281261
280661
280061
279461
278860
278260
277660
277060
276459
275859
292666
299272
298671
298071
297470
296870
296269
295669
295068
294468
293867
293267
299272
299272
299873
300474
301075
301676
302277
302278
302879
303480
304081
304682
305283
305283
305284
305885
305886
305887
305888
306489
306490
306491
307092
307093
307094
307095
307696
307697
307698
308299
308300
308301
308302
308903
308904
308905
309506
309507
309508
309509
310110
310111
310112
310713
310714
359922
359322
358722
358122
357522
356922
356323
355723
355123
354523
353923
353323
352724
352124
351524
350924
350324
349725
349125
348525
347925
347325
346725
346126
345526
344926
344326
343726
343126
342527
341927
341327
340727
340127
339528
338928
338328
337728
337128
336528
335929
335329
334729
334129
333529
332930
332330
331730
331130
330530
329930
329331
328731
328131
327531
326931
326331
208052
208053
208054
208655
208656
208657
208658
209259
209260
209261
209262
209863
209864
209865
209866
210467
210468
210469
210470
211071
211072
211073
211074
211675
208052
211676
211076
210476
209876
209276
208676
208076
207476
206876
206276
205676
205076
205076
204476
203876
203276
202676
202076
201476
200876
200276
199675
199075
198475
197875
197275
196675
196075
195475
194875
194875
194275
193675
193075
192475
191875
191275
190675
190075
189475
188875
188275
187675
187075
186475
185875
185275
184675
184075
183475
182875
182275
181675
181075
180475
179875
179275
178675
178075
177475
176875
176275
175675
175075
174475
173875
173275
172675
172075
171475
170875
170275
169675
169075
168475
167875
167275
166675
166075
165475
164875
164275
163675
163075
162475
161875
161275
160675
160675
160075
159475
158874
158274
157674
157074
156473
155873
155273
154673
154072
153472
152872
152272
151671
151071
150471
149871
149270
148670
148070
147470
146869
146269
145669
192456
191856
191256
190656
190057
189457
188857
188257
187657
187057
186458
185858
185258
184658
184058
183458
182859
182259
181659
181059
180459
179859
179260
178660
178060
177460
176860
176260
175661
175061
174461
173861
173261
172661
172062
171462
170862
170262
169662
169062
168463
167863
167263
166663
166063
165463
164864
164264
163664
163064
162464
161864
161265
160665
160065
159465
158865
158265
157666
157066
156466
155866
155266
154666
154067
153467
152867
152267
151667
151067
150468
149868
149268
148668
148068
147468
146869
146269
192456
202054
201454
200854
200254
199654
199055
198455
197855
197255
196655
196055
195455
194855
194256
193656
193056
202054
214143
214144
214145
214146
214147
214748
214749
214750
214751
215352
215353
215354
215355
215356
215957
215958
215959
215960
215961
216562
216563
216564
216565
217166
217167
217168
217169
217170
217771
217772
217773
217774
218375
218376
218377
218378
218379
218980
218981
218982
218983
219584
219585
219586
219587
219588
220189
220190
220191
220192
220793
220794
220795
220796
220797
221398
221399
209913
209913
205076
205077
205078
205679
205680
205681
205682
206283
206284
206285
206286
206287
206888
206889
206890
206891
206892
207493
207494
207495
207496
208097
208098
208099
208100
208101
208702
208703
208704
208705
208706
209307
209308
209309
209310
209911
209912
205076
202054
202055
202056
202657
202658
202659
202660
203261
203262
203263
203264
203265
203866
203867
203868
203869
204470
204471
204472
204473
205074
205075
202054
217111
217112
217113
217714
217715
217716
217717
218318
218319
218320
218321
218922
218923
218924
218925
219526
219527
219528
219529
220130
220131
220132
220133
220734
220735
220736
220737
220738
221339
221340
221341
221342
221943
221944
221945
221946
222547
222548
222549
222550
223151
223152
223153
223154
223755
223756
223757
223758
224360
224361
224362
224363
224964
224965
224966
224967
225568
225569
225570
225571
226172
226173
226174
226175
226776
226777
226778
226779
227380
227381
227382
227383
227984
227985
227986
227987
227988
228589
228590
228591
228592
229193
229194
229195
229196
229797
229798
229799
217111
211676
211677
212278
212279
212280
212281
212882
212883
212884
212885
213486
213487
213488
213489
214090
214091
214092
214093
214694
214695
214696
214697
215298
215299
215300
215301
215902
215903
215904
215905
216506
216507
216508
216509
217110
211676
315407
314808
314809
314210
313611
313612
313013
312414
312415
311816
311817
311218
310619
310620
310021
309422
309423
308824
308225
308226
307627
307028
307029
306430
306431
305832
305233
305234
304635
304036
304037
303438
302839
302840
302241
301642
301643
301044
301045
300446
299847
299848
293264
293265
315407
319589
318990
318991
318392
318393
318394
317795
317796
317198
317199
317200
316601
316602
316003
316004
316005
315406
359849
359249
358650
358050
357450
356850
350253
349653
349054
348454
347854
347254
346655
346055
345455
344855
344256
343656
343056
342456
341857
341257
340657
340657
340058
340059
339460
339461
338862
338863
338264
337665
335869
330472
329872
329272
320276
319677
319077
314279
313679
313079
312480
311880
311280
310681
310081
309481
308881
308282
307682
307082
306482
305883
305283
337007
337008
336409
335810
335211
335212
334613
274515
274516
273917
273918
273919
273320
273321
273322
272723
272724
272725
272126
272127
272128
271529
271530
270931
270932
270933
270334
270335
270336
269737
269738
269739
269140
274515
271495
271496
271497
272098
272099
272100
272101
272702
272703
272704
272705
273306
273307
273308
273309
273910
273911
273912
273913
274514
271495
264249
264250
264851
264852
264853
264249
260626
260627
261228
261229
261230
261231
261832
261833
261834
261835
262436
262437
262438
262439
263040
263041
263042
263043
263644
263645
263646
263647
264248
260626
260626
260026
259426
258827
258227
258227
257627
257028
256428
255828
255229
254629
254029
253429
252830
252230
251630
251031
250431
249831
249232
248632
248032
247433
246833
246233
245633
239014
239015
239616
239617
239618
239619
240220
240221
240222
240823
240824
240825
240826
241427
241428
241429
242030
242031
242032
242033
242634
239014
127518
126919
126920
126321
125722
125123
125124
124525
123926
123327
123328
122729
122130
121531
121532
120933
127518
147903
147303
146704
146104
145505
144905
144306
143706
143107
142507
141907
141308
140708
140109
139509
138910
138310
137710
137111
136511
135912
135312
134713
134113
133514
132914
132314
131715
131115
130516
129916
129317
128717
128118
147903
145488
145489
146090
146091
146092
146093
146694
146695
146696
146697
147298
147299
147300
147301
147902
145488
226539
225939
225340
224740
224140
223540
222941
222341
221741
221141
220542
219942
219342
218743
218143
217543
216943
216344
226539
271495
270895
270296
269696
258302
255903
255303
254703
254104
253504
252904
252305
251705
251105
250505
249906
249306
248706
248107
247507
246907
246308
245708
245108
244508
243909
243309
242709
242110
271495
244532
243932
243332
242733
242133
241533
240933
240334
239734
239134
238534
237935
237335
236735
236135
235535
234936
234336
233736
233136
232537
231937
231337
230737
230138
229538
228938
228338
227739
227139
244532
241510
241511
241512
242113
242114
242115
242116
242717
242718
242719
242720
242721
243322
243323
243324
243325
243926
243927
243928
243929
244530
244531
241510
248980
248981
248982
249583
249584
249585
249586
250187
250188
250189
250190
250191
250792
250793
250794
250795
251396
251397
251398
251399
248980
238101
238102
238103
238704
238705
238706
238707
239308
239309
239310
239311
239912
239913
239914
239915
239916
240517
240518
240519
240520
241121
241122
241123
241124
241125
241726
241727
241728
241729
242330
242331
242332
242333
242934
242935
242936
242937
242938
243539
243540
243541
243542
244143
244144
244145
244146
244147
244748
244749
244750
244751
245352
245353
245354
245355
245956
245957
245958
245959
245960
246561
246562
246563
246564
247165
247166
247167
247168
247169
247770
247771
247772
247773
248374
248375
248376
248377
248978
248979
238101
233869
233870
233871
234472
234473
234474
234475
235076
235077
235078
235079
235080
235681
235682
235683
235684
235685
236286
236287
236288
236289
236890
236891
236892
236893
236894
237495
237496
237497
237498
238099
238100
233869
230846
230847
230848
231449
231450
231451
231452
232053
232054
232055
232056
232057
232658
232659
232660
232661
232662
233263
233264
233265
233266
233867
233868
230846
226009
226010
226011
226612
226613
226614
226615
227216
227217
227218
227219
227220
227821
227822
227823
227824
227825
228426
228427
228428
228429
229030
229031
229032
229033
229034
229635
229636
229637
229638
229639
230240
230241
230242
230243
230844
230845
226009
217111
216511
215911
215311
214712
214112
213512
212912
212312
211712
211113
210513
217111
230905
230305
229706
229106
228506
227906
227307
226707
226107
225507
224908
224308
223708
223108
222509
221909
221309
220709
220110
219510
218910
218310
217711
230905
238101
237501
236902
236302
235702
235103
234503
233903
233304
232704
232104
231505
238101
203219
202619
202020
201420
200820
199621
199021
198421
197821
197222
203219
216413
215813
215214
214614
214014
213414
212815
212215
211615
211015
210416
209816
209216
208617
208017
207417
206817
206218
205618
205018
204418
203819
216413
226009
225409
224809
224210
223610
223010
222410
221811
221211
220611
220011
219412
218812
218212
217612
217013
226009
222871
222271
221672
221072
220472
219872
219273
218673
218073
217473
216874
216274
215674
215075
214475
213875
213275
212676
212076
211476
210876
210277
209677
209077
208478
207878
207278
206678
206079
205479
204879
204279
203680
222871
226460
225861
225862
225263
225264
224665
224666
224067
224068
223469
223470
226460
239055
238455
237855
237256
236656
236056
235456
234857
234257
233657
233057
232458
231858
231258
230658
230059
229459
228859
228259
227660
227060
239055
248056
247456
246856
246256
245656
245056
244456
243856
243255
242655
242055
241455
240855
240255
239655
248056
262450
261850
261250
260651
260051
259451
258851
258252
257652
257052
256452
255853
255253
254653
254053
253454
252854
252254
251654
251055
250455
249855
249255
248656
262450
264249
263649
263050
264249
208052
207452
206852
206253
205653
205053
204453
203853
203254
202654
208052
194812
194813
195414
195415
195416
195417
196018
196019
196020
196621
194812
130200
130801
130802
130803
130804
131405
131406
131407
131408
132009
132010
132011
132012
132613
132614
132615
132616
133217
133218
133219
133220
133821
133822
133823
133824
134425
134426
134427
135028
135029
135030
135031
135632
135633
135634
135635
136236
136237
136238
136239
136840
136841
136842
136843
137444
137445
137446
137447
138048
138049
138050
138051
138652
138653
138654
139255
139256
139257
139258
139859
139860
139861
139862
140463
140464
140465
140466
141067
141068
141069
141070
141671
141672
141673
141674
142275
142276
142277
142278
142879
142880
142881
143482
143483
143484
143485
144086
144087
144088
144089
144690
144691
144692
144693
145294
145295
145296
145297
145898
145899
145900
145901
146502
146503
146504
146505
147106
147107
147108
147709
147710
147711
147712
148313
148314
148315
148316
148917
148918
148919
148920
149521
149522
149523
149524
150125
150126
150127
150128
150729
150730
150731
150732
151333
151334
151335
151336
151937
151938
151939
152540
152541
152542
152543
153144
153145
153146
153147
153748
153749
153750
153751
154352
154353
154354
154355
154956
154957
154958
154959
155560
155561
155562
155563
156164
156165
156166
156767
156768
156769
156770
157371
157372
157373
157374
157975
157976
157977
157978
158579
158580
158581
158582
159183
159184
159185
159186
159787
159788
159789
159790
160391
160392
160393
160994
160995
160996
160997
161598
161599
161600
161601
162202
162203
162204
162205
162806
162807
162808
162809
163410
163411
163412
163413
164014
164015
164016
164017
164618
164619
164620
165221
165222
165223
165224
165825
165826
165827
165828
166429
166430
166431
166432
167033
167034
167035
167036
167637
167638
167639
167640
168241
168242
168243
168244
168845
168846
168847
169448
169449
169450
169451
170052
170053
170054
170055
170656
170657
170658
170659
171260
171261
171262
171263
171864
171865
171866
171867
172468
172469
172470
172471
173072
173073
173074
173675
173676
173677
173678
174279
174280
174281
174282
174883
174884
174885
174886
175487
175488
175489
175490
176091
176092
176093
176094
176695
176696
176697
176698
177299
177300
177301
177902
177903
177904
177905
178506
178507
178508
178509
179110
179111
179112
179113
179714
179715
179716
179717
180318
180319
180320
180321
180922
180923
180924
180925
181526
181527
181528
181529
182130
182131
182132
182733
182734
182735
182736
183337
183338
183339
183340
183941
183942
183943
183944
184545
184546
184547
184548
185149
185150
185151
185152
185753
185754
185755
185756
186357
186358
186359
186960
186961
186962
186963
187564
187565
187566
187567
188168
188169
188170
188171
188772
188773
188774
188775
189376
189377
189378
189379
189980
189981
189982
189983
190584
190585
190586
191187
191188
191189
191190
191791
191792
191793
191794
192395
192396
192397
192398
192999
193000
193001
193002
193603
193604
193605
193606
194207
194208
194209
194210
194811
257196
256596
255996
255397
254797
254197
253597
232606
232006
231407
230807
230207
229607
229008
228408
227808
227208
226609
257196
196622
196623
197224
197225
197226
197227
197828
197829
197830
198431
198432
198433
198434
199035
199036
199037
199038
199639
199640
199641
200242
200243
200244
200245
200846
200847
200848
201449
201450
201451
201452
202053
196622
215744
215745
216346
216347
216348
216349
216950
216951
216952
216953
217554
217555
217556
217557
218158
218159
218160
218161
218762
218763
218764
218765
219366
219367
219368
219969
219970
219971
219972
220573
220574
220575
220576
221177
221178
221179
221180
221781
221782
221783
221784
222385
222386
222387
222988
222989
222990
222991
223592
223593
223594
223595
224196
224197
224198
224199
224800
224801
224802
224803
225404
225405
225406
225407
226008
215744
213933
213934
214535
214536
214537
214538
215139
215140
215141
215142
215743
213933
203080
203081
203682
203683
203684
204285
204286
204287
204888
204889
204890
205491
205492
205493
206094
206095
206096
206697
206698
206699
207300
207301
207302
207903
207904
207905
208506
208507
209108
209109
209110
209711
209712
209713
210314
210315
210316
210917
210918
210919
211520
211521
211522
212123
212124
212125
212726
212727
212728
213329
213330
213331
213932
203080
199461
199462
200063
200064
200065
200666
200667
200668
201269
201270
201271
201272
201873
201874
201875
202476
202477
202478
203079
199461
194635
194636
195237
195238
195239
195840
195841
195842
195843
196444
196445
196446
197047
197048
197049
197650
197651
197652
198253
198254
198255
198256
198857
198858
198859
199460
194635
168667
168668
169269
169270
169271
169272
169873
169874
169875
169876
170477
170478
170479
170480
171081
171082
171083
171084
171685
171686
171687
171688
172289
172290
172291
172292
172893
172894
172895
172896
173497
173498
173499
173500
174101
174102
174103
174104
174705
174706
174707
174708
175309
175310
175311
175912
175913
175914
175915
176516
176517
176518
176519
177120
177121
177122
177123
177724
177725
177726
177727
178328
178329
178330
178331
178932
178933
178934
178935
179536
179537
179538
179539
180140
180141
180142
180143
180744
180745
180746
180747
181348
181349
181350
181351
181952
181953
181954
182555
182556
182557
182558
183159
183160
183161
183162
183763
183764
183765
183766
184367
184368
184369
184370
184971
184972
184973
184974
185575
185576
185577
185578
186179
186180
186181
186182
186783
186784
186785
186786
187387
187388
187389
187390
187991
187992
187993
188594
188595
188596
188597
189198
189199
189200
189201
189802
189803
189804
189805
190406
190407
190408
190409
191010
191011
191012
191013
191614
191615
191616
191617
192218
192219
192220
192221
192822
192823
192824
192825
193426
193427
193428
193429
194030
194031
194032
194033
194634
168667
160213
160214
160815
160816
160817
160818
161419
161420
161421
161422
162023
162024
162025
162026
162627
162628
162629
162630
163231
163232
163233
163234
163835
163836
163837
163838
164439
164440
164441
165042
165043
165044
165045
165646
165647
165648
165649
166250
166251
166252
166253
166854
166855
166856
166857
167458
167459
167460
167461
168062
168063
168064
168065
168666
160213
158400
158401
158402
158403
159004
159005
159006
159007
159608
159609
159610
159611
160212
18376
18377
18378
18379
18380
18381
18382
18382
18383
18384
18385
18386
18387
18388
18389
18390
18391
18392
18393
18394
18395
18396
18397
18398
18399
18400
18401
18402
18403
18404
18405
18406
18407
18408
18409
18410
18411
18412
18413
18414
18415
5048
5049
5650
5650
6251
6252
6853
6854
7455
8056
8658
10463
12268
17680
18281
18882
23085
21884
20683
20083
19482
23085
27888
27288
26087
25487
24886
24286
23685
27888
32094
31493
30892
30291
29691
29090
28489
32094
32094
32095
32696
32697
33298
33299
33900
33901
34502
34502
35103
35104
35705
35706
36307
36307
36308
36309
35710
35711
35712
5650
5651
5652
5053
5054
5055
5056
4457
4458
4459
4460
3861
3862
3863
3864
3265
3266
3267
3268
2669
2670
2671
2672
2073
2074
2075
1479
1480
881
285
286
98099
97499
95696
96297
96898
95696
95696
95096
94495
93895
93895
93295
92696
92096
91496
89697
89097
88497
84899
77702
77103
76503
75903
75303
74704
74104
74104
73504
72305
72305
68127
68128
67529
67530
67531
67532
66933
66934
66935
92410
92411
92412
92413
92414
92415
92416
92426
91835
91836
93644
93645
94246
94247
94848
194980
194981
194981
194982
194383
194384
194385
193786
193787
193188
193189
91239
90639
90038
89437
88836
88236
87635
87034
86433
85833
85232
84631
84030
83429
82829
82228
81627
81026
80426
79825
79224
78623
78023
77422
76821
76220
75620
75019
73216
72616
72015
71414
70813
70213
24600
24001
23402
22803
22204
21605
21006
20407
20408
19210
18611
18012
17413
16814
16215
15616
15017
14418
13820
13221
12622
12023
11424
10825
10226
9627
9028
8429
7830
7831
7232
6633
6034
4836
3039
2440
1841
1242
1243
644
45
346611
346612
347213
347214
347815
348416
348417
349018
349619
349620
350221
350222
350823
351424
351425
352026
352027
352628
353229
353230
353831
354432
354433
359245
359246
359847
359848
332219
331620
331621
331022
330423
329824
329825
329226
328627
328628
328029
327430
324437
324438
323839
323240
323241
322642
322043
321444
321445
320846
320247
320248
319649
319050
319051
318452
317853
317254
317255
316656
316057
316058
315459
314860
314261
314262
313663
313064
313065
312466
311867
311868
311269
310670
310071
310072
309473
308874
308875
308276
307677
307079
306480
305881
305882
332219
