52800
52200
51601
51001
50401
49802
49202
48603
48003
47404
46804
46204
45605
45005
44406
43806
43206
42607
42007
41408
40808
40208
39609
39009
38410
37810
37211
36611
36011
35412
34812
34213
33613
33013
32414
31814
31215
30615
30015
29416
28816
28217
27617
27018
26418
25818
25219
24619
24020
23420
22820
22221
21621
21022
20422
19822
19223
18623
18024
17424
16825
16225
15625
15026
14426
13827
13227
13227
12627
12028
11428
10829
10229
9630
9030
8431
7831
7232
6632
6032
5433
4833
4234
3634
3035
2435
1836
1236
637
37
359858
359259
358659
358060
357461
356861
356262
355663
354464
353265
352666
351467
350868
340079
339480
338880
338281
337681
337082
336483
335883
335284
335284
334685
334085
333486
332886
332287
331688
331088
330489
329889
329290
328690
328091
327492
326892
326293
325693
325094
325094
324495
323895
323296
322696
322097
321498
320898
320299
319699
319100
318501
317901
317302
316702
315504
314904
314305
313705
313106
312507
311907
311308
310709
310109
309510
308910
308311
307712
307112
306513
305913
305314
304715
304115
303516
302916
302317
301718
301118
300519
299919
299320
298721
298121
297522
296922
296323
295724
295124
294525
293925
293326
292727
292127
291528
284935
284335
283736
283136
282537
281938
281338
280739
280139
279540
278941
278341
277742
277142
276543
275944
275344
274745
274145
273546
272947
272347
271748
271148
270549
269950
269350
268751
268151
267552
265754
265155
264555
262757
262158
261558
260959
260359
259760
259161
258561
257962
257362
256763
256164
255564
254965
254365
253766
253167
252567
251968
251368
250769
250170
249570
248971
248371
247772
247173
246573
245974
245374
244775
244176
243576
242977
242378
241778
241179
240579
239980
239381
238781
238182
237582
236983
236384
235784
231588
230989
230989
230390
229790
229191
228592
227992
227393
226794
226194
225595
224995
224396
223797
223197
222598
221999
221399
25756
25156
24556
23956
23356
22756
22156
21556
20956
20356
19756
19156
18556
17956
17356
16756
16156
15557
14957
14357
13757
13157
12557
11957
11357
10757
10157
9557
8957
8357
7757
7157
6557
5957
5357
4757
4157
3557
2957
2357
1757
1157
557
25756
62935
62335
61736
60536
59937
59337
58737
58138
57538
56938
56339
55739
55139
54540
53940
53340
52741
52141
51541
50942
50342
49742
49143
48543
47943
47344
46744
46144
45545
44945
44345
43746
43146
42547
41947
41347
40748
40148
39548
38949
38349
37749
37150
36550
35950
35351
34751
34151
33552
32952
32352
31753
31153
30553
29954
29354
28754
28155
27555
26955
26356
62935
66555
65955
65356
64756
64156
63557
62957
62357
61758
61158
60558
59958
59359
58759
58159
57560
56960
56360
55761
54561
52762
49164
47365
46765
46166
45566
44367
43767
43167
42568
41968
36571
35971
35372
34772
34172
29974
29375
28775
28775
28175
27575
26975
26375
25775
25175
24575
23975
23375
22775
22175
21575
20975
20375
19775
19175
18576
17976
17376
16776
16176
15576
14976
14376
13776
13176
12576
11976
11376
10776
10176
9576
8976
8376
7776
7176
6576
5976
5376
4776
4176
3576
2976
2376
1776
1176
576
337732
337133
337134
336535
336536
335937
335338
335339
334740
334741
334142
333543
333544
332945
332946
332347
331748
331749
331150
330551
330552
329953
329954
329355
328756
328757
328158
328159
327560
326961
326962
326363
326364
325765
325166
325167
324568
324569
323970
323371
323372
322773
322774
322175
321576
321577
320978
320979
320380
319781
319782
319183
318584
318585
317986
317987
317388
316789
316790
316191
316192
315593
314994
314995
314396
314397
337732
335925
335926
336527
336528
337129
337130
337731
335925
325094
325695
325696
326297
326298
326899
326900
327501
328102
328103
328704
328705
329306
329907
329908
330509
330510
331111
331112
331713
332314
332315
332916
332917
333518
334119
334120
334721
334722
335323
335324
325094
229178
229179
229180
229181
229782
229783
229784
230385
230386
230387
230988
206865
206866
207467
207468
207469
208070
208071
208072
208673
208674
208675
209276
209277
209879
209880
209881
210482
210483
210484
210485
211086
211087
211689
211690
211691
212292
212293
212294
212895
212896
212897
213498
213499
213500
214101
214102
214704
214705
214706
215307
215308
215309
215910
215911
215912
216513
216514
216515
217116
217117
217118
217119
217720
217721
217722
218323
218324
218926
219529
220132
220735
206865
194801
194802
195403
195404
195405
196006
196007
196008
196009
196610
196611
196612
197213
197214
197215
197816
197817
197818
198419
198420
198421
199022
199023
199024
199025
199626
199627
199628
200229
200230
200231
200832
200833
200834
201435
201436
201437
202038
202039
202040
202041
202642
202643
202644
203245
203246
203247
203848
203849
203850
204451
204452
204453
205054
205055
205056
205057
205658
205659
205660
206261
206262
206263
206864
194801
177309
177310
177911
177912
177913
178514
178515
178516
179117
179118
179119
179120
179721
179722
179723
180324
180325
180326
180927
180928
180929
181530
181531
181532
182133
182134
182135
182736
182737
182738
182739
183340
183341
183342
183943
183944
183945
184546
184547
184548
185149
185150
185151
185752
185753
185754
185755
186356
186357
186358
186959
186960
186961
187562
187563
187564
188165
188166
188167
188768
188769
188770
189371
189372
189373
189374
189975
189976
189977
190578
190579
190580
191181
191182
191183
191784
191785
191786
192387
192388
192389
192990
192991
192992
192993
193594
193595
193596
194197
194198
194199
194800
177309
158612
158613
159214
159215
159216
159817
159818
159819
160420
160421
160422
161023
161024
161025
161026
161627
161628
161629
162230
162231
162232
162833
162834
162835
163436
163437
163438
164039
164040
164041
164642
164643
164644
165245
165246
165247
165848
165849
165850
165851
166452
166453
166454
167055
167056
167057
167658
167659
167660
168261
168262
168263
168864
168865
168866
169467
169468
169469
170070
170071
170072
170073
170674
170675
170676
171277
171278
171279
171880
171881
171882
172483
172484
172485
173086
173087
173088
173689
173690
173691
174292
174293
174294
174895
174896
174897
174898
175499
175500
175501
176102
176103
176104
176705
176706
176707
177308
158612
145946
145947
146548
146549
146550
147151
147152
147153
147754
147755
147756
147757
148358
148359
148360
148961
148962
148963
149564
149565
149566
150167
150168
150169
150770
150771
150772
151373
151374
151375
151976
151977
151978
151979
152580
152581
152582
153183
153184
153185
153786
153787
153788
154389
154390
154391
154992
154993
154994
155595
155596
155597
156198
156199
156200
156201
156802
156803
156804
157405
157406
157407
158008
158009
158010
158611
145946
144740
144741
145342
145343
145344
145945
144740
221087
220487
219888
219288
218688
218089
217489
216889
216289
215690
215090
214490
213891
213291
212691
212092
211492
210892
210292
209693
209093
208493
207894
207294
206694
206095
205495
204895
204295
203696
203096
202496
201897
201297
200697
200098
199498
198898
198298
197699
197099
196499
195900
195300
194700
194101
193501
192901
192301
191702
191102
190502
189903
189303
188703
188104
187504
186904
186304
185705
185105
184505
183906
183306
182706
182107
181507
180907
180307
179708
179108
178508
177909
221087
257067
256467
255868
255268
254668
254069
253469
252869
252270
251670
251070
250471
249871
249271
248672
248072
247472
246873
246273
245673
245074
244474
243874
243275
242675
242075
241476
240876
240276
239677
239077
238477
237878
237278
236678
236079
235479
234879
234280
233680
233080
232481
231881
231281
230682
230082
229482
228883
228283
227683
227084
226484
225884
225285
224685
224085
223486
222886
222286
221687
257067
254049
254050
254651
254652
254653
254654
255255
255256
255257
255258
255859
255860
255861
256462
256463
256464
256465
257066
254049
277436
276836
276237
275637
275037
274438
273838
273238
272639
272039
271439
270840
270240
269640
269041
268441
267841
267242
266642
266042
265443
264843
264243
263644
263044
262444
261845
261245
260645
260046
259446
258846
258247
257647
257047
256448
255848
255248
254649
277436
13227
13228
13829
13830
13831
14432
14433
14433
14434
15035
15036
15037
15638
15639
22269
22870
22871
22872
23473
23474
23475
24076
24077
24678
24679
24680
25281
25282
25283
25884
25885
26486
26487
26488
27090
27692
27693
27694
28295
28296
28897
28898
28899
29500
29501
29502
30103
30104
30705
30706
30707
31308
31309
31309
30709
10922
10322
9723
206616
206617
207218
207219
207220
207821
207822
207823
208424
208425
208426
209027
209028
209029
209630
209631
209632
210233
210234
210235
210836
210837
210838
211439
211440
211441
212042
212043
212044
212645
212646
212647
213248
213249
213250
213851
213852
214453
214454
214455
215056
215057
215058
215659
215660
215661
216262
216263
216264
216865
216866
216867
217468
217469
217470
218071
218072
218073
218674
218675
218676
219277
219278
219279
219880
219881
219882
220483
220484
220485
221086
221087
221087
221088
221689
221690
221691
222292
222293
222294
222895
222896
222897
223498
223499
223500
224101
224102
224103
224704
224705
224706
225307
225308
225309
225910
225911
225912
226513
226514
226515
227116
227117
227118
227719
227720
227721
228322
228323
228324
228925
228926
228927
229528
229529
229530
230131
230132
230133
230734
230735
230736
231337
231338
231339
231940
231941
231942
232543
232544
232545
233146
233147
233148
233749
233750
233751
234352
234353
234354
234955
234956
234957
235559
284069
284070
284671
284672
284673
285274
285275
285276
285877
285878
285879
286480
286481
286482
287083
287084
287085
287686
287687
287688
288289
288290
288291
288892
288893
288894
289495
289496
289497
290098
290099
290100
290701
290702
290703
291304
291305
291306
291907
291908
291909
292510
292511
292512
293113
293114
293115
293716
293717
293718
294319
294320
294321
294922
294923
294924
295525
295526
295527
296128
296129
296130
296731
296732
296733
297334
297335
297336
297937
297938
297939
298540
298541
298542
299143
284069
277436
277437
278038
278039
278040
278641
278642
278643
279244
279245
279246
279847
279848
279849
280450
280451
280452
281053
281054
281055
281656
281657
281658
282259
282260
282261
282862
282863
282864
283465
283466
283467
284068
277436
261760
262361
262362
262363
262964
263567
264170
264773
265376
265979
266582
267185
267788
268391
268994
268995
269597
269598
270199
270200
270201
270802
270803
270804
271405
271406
271407
272008
272009
272010
272611
272612
272613
273214
273215
273216
273817
273818
273819
274420
274421
274422
275023
275024
275025
275626
275627
275628
276229
276230
276231
276832
276833
276834
277435
170006
169406
168807
168207
167607
167008
166408
165808
165209
164609
164009
163410
162810
162210
161610
161011
160411
159811
159212
158612
299144
298544
297945
297345
296745
296146
295546
294946
294347
293747
293147
292548
291948
291348
290749
290149
289549
288950
288350
287750
287151
286551
285951
285352
284752
284152
283553
282953
282353
281753
281154
280554
279954
279355
278755
278155
277556
276956
276356
275757
275157
274557
273958
273358
272758
272159
271559
270959
270360
269760
269160
268561
267961
267361
266762
266162
265562
264963
264363
263763
263164
262564
261964
261365
260765
260165
259566
258966
258366
257767
257167
256567
255968
255368
254768
254169
253569
252969
252370
251770
251170
250571
249971
249371
248772
248172
247572
246972
246373
245773
245173
244574
243974
243374
242775
242175
241575
240976
240376
239776
239177
238577
237977
237378
236778
236178
235579
234979
234379
233780
233180
232580
231981
231381
230781
230182
229582
228982
228383
227783
227183
226584
225984
225384
224785
224185
223585
222986
222386
221786
221187
220587
219987
219388
218788
218188
217589
216989
216389
215790
215190
214590
213991
213391
212791
212191
211592
210992
210392
209793
209193
208593
207994
207394
206794
206195
205595
204995
204396
203796
203196
202597
201997
201397
200798
200198
199598
198999
198399
197799
197200
196600
196000
195401
194801
62935
62936
63537
63538
63539
64140
64141
64742
64743
64744
65345
65346
65346
65347
65348
65949
65950
65951
65952
66553
66554
66555
66555
66556
67157
67158
67159
67760
67761
67762
67763
68364
68365
68366
68967
68968
68969
69570
69571
69572
70173
70174
70175
70776
70777
70778
70779
71380
71381
71382
71983
71984
71985
72586
72587
72588
73189
73190
73191
73792
73793
73794
73795
74396
74397
74398
74999
291086
291087
291688
291689
291690
291691
292292
341168
341169
341170
341771
341772
341773
341774
342375
342376
342377
342978
342979
342980
343581
343582
343583
343584
344185
291086
289276
289277
289878
289879
289880
289881
290482
290483
290484
291085
289276
359778
359178
358578
357979
357379
356779
356180
355580
354980
354381
353781
353181
352582
351982
351382
350782
350183
349583
348983
348384
347784
347184
346585
345985
345385
344786
344186
344186
343586
342987
342387
341787
341188
340588
339988
339389
338789
338189
337590
336990
336390
335791
335191
334592
333992
333392
332793
332193
331593
330994
330394
329794
329195
328595
327995
327396
326796
326196
325597
324997
324397
323798
323198
322598
321999
321399
320799
320200
319600
319000
318401
317801
317202
316602
316002
315403
314803
314203
313604
313004
312404
311805
311205
310605
310006
309406
308806
308207
307607
307007
306408
305808
305208
304609
304009
303409
302810
302210
301610
301011
300411
299812
299212
298612
298013
297413
296813
296214
295614
295014
294415
293815
293215
292616
292016
291416
290817
290217
289617
289018
288418
287818
287219
286619
286019
285420
284820
284220
283621
283021
282422
281822
281222
280623
280023
279423
278824
278224
277624
277025
276425
275825
275226
274626
274026
273427
272827
272227
271628
271028
270428
269829
269229
268629
268030
267430
266831
266231
265631
265032
264432
263832
263233
262633
262033
261434
260834
260234
259635
259035
258435
257836
257236
256636
256037
255437
254837
254238
253638
253038
252439
251839
251239
250640
250040
249441
248841
248241
247642
247042
246442
245843
245243
244643
244044
243444
242844
242245
241645
241045
240446
239846
239246
238647
238047
237447
236848
236248
235648
235049
234449
233849
233250
232650
232051
231451
230851
230252
229652
229052
228453
227853
227253
226654
226054
225454
224855
224255
223655
223056
222456
221856
221257
220657
220057
219458
218858
218258
217659
217059
216459
215860
215260
214661
214061
213461
212862
212262
211662
211063
210463
209863
209264
208664
208064
207465
206865
206865
206265
205666
205066
204466
203867
203267
202667
202068
201468
200868
257067
257068
257669
257670
258271
258272
258273
258874
258875
259476
259477
259478
260079
260080
260681
260682
284069
283469
282870
282270
281670
281071
280471
279871
279272
278672
278072
277473
276873
276273
275674
275074
274474
273875
273275
272675
272076
271476
270876
270277
269677
269077
268478
267878
267278
266679
266079
265479
264880
264280
263680
263081
262481
261881
261282
284069
76140
75541
75541
74941
74342
73742
73142
72542
71943
71343
70743
70144
69544
68944
68345
67745
67145
66545
65946
65346
359438
358838
358238
357639
357039
356439
355840
355240
354641
354041
353441
352842
352242
351642
351043
350443
349843
349244
348644
348044
347445
346845
346245
345646
345046
344446
343847
343247
342647
342048
341448
340848
340249
339649
339049
338450
337850
337850
337250
336651
336051
335451
334852
334252
333652
333053
332453
331853
331254
330654
330054
329455
328855
328255
327655
327056
326456
325856
325257
324657
324057
323458
322858
322258
321659
321059
320459
319860
319260
319260
318660
318061
317461
316861
316262
315662
315062
314463
313863
313263
312664
312064
311464
310865
310265
309665
309066
308466
307866
307267
306667
306067
305468
304868
304268
303669
303069
302469
301870
301270
301270
300670
300071
299471
298871
298271
297672
297072
296472
295873
295273
294673
294074
293474
292874
292274
291675
291075
290475
289876
289276
289276
288676
288076
287476
286876
286276
285676
285076
284476
283876
283276
282676
282076
281476
280876
280276
279676
279076
278476
277876
277276
276676
276076
275476
274876
274276
273676
273076
272476
271876
271276
270676
270076
269476
268876
268276
268276
267676
267077
266477
265877
265277
264678
264078
263478
262879
262279
261679
261079
260480
259880
259280
258681
258081
257481
256882
256282
255682
255082
254483
253883
253283
252684
252084
251484
250884
250285
249685
249085
248486
247886
247286
246686
246087
245487
244887
244288
243688
243088
242489
241889
241289
240689
240090
239490
238890
238291
237691
237091
236491
235892
235292
234692
234093
233493
232893
232293
231694
231094
230494
229895
229295
228695
228096
227496
226896
226296
225697
225097
224497
223898
223298
222698
222098
221499
220899
220299
219700
219100
218500
217900
217301
216701
216101
215502
214902
214302
213703
213103
212503
211903
211304
210704
210104
209505
208905
208305
207705
207106
206506
206506
205906
205307
204707
204107
203508
202908
202308
201709
201109
200509
199910
199310
198710
198111
197511
196911
196312
195712
195112
194513
193913
193313
192714
192114
191514
190915
190315
189715
189116
188516
187916
187317
186717
186117
185518
184918
184318
183719
183119
182519
181920
181320
180720
180121
179521
178921
178322
177722
177122
176523
175923
175323
174723
174124
173524
172924
172325
171725
171125
170526
169926
169326
168727
168127
167527
166928
166328
165728
165129
164529
163929
163330
162730
162130
161531
160931
160331
159732
159132
158532
157933
157333
156733
156134
155534
154934
154335
153735
153135
152536
151936
151336
150737
150137
149537
148938
148338
147738
147139
146539
145939
145340
144740
194801
194201
193602
193002
192402
191203
190603
190003
189404
102449
101849
101250
194801
75541
75542
76143
76144
76145
76746
76747
76748
76749
77350
77351
77352
77953
77954
77955
78556
78557
78558
79159
79160
79161
79762
79763
79764
79765
80366
80367
80368
80969
80970
80971
81572
81573
81574
82175
82176
82177
82778
82779
82780
82781
83382
83383
83384
83985
83986
83987
84588
84589
84590
85191
85192
85193
85794
85795
85796
85797
86398
86399
241767
241167
240567
239968
239368
238768
238168
237569
236969
236369
235769
235170
234570
233970
233371
232771
232171
231571
230972
230372
229772
229172
228573
359939
359339
358739
358138
357538
356938
356337
355737
355136
354536
353936
353335
352735
351534
349733
343730
343129
342529
341929
341328
340728
340128
339527
338927
338326
337726
337126
336525
335925
337850
337851
338452
338453
338454
339055
339056
339057
339658
339659
339660
340261
340262
340263
340864
340865
340866
341467
341468
341469
342070
342071
342072
342673
342674
342675
343276
343277
343278
343879
343880
343881
344482
344483
344484
345085
345086
359503
358902
358301
357700
357100
356499
355898
355298
354697
354096
353496
352895
352294
351694
351093
350492
349892
349291
348690
348089
347489
346888
346287
345687
288000
288601
288602
288603
289204
289205
289206
289807
289808
289809
289810
290411
290412
290413
291014
291015
291016
291617
291618
291619
292220
292221
292222
292223
292824
292825
292826
293427
293428
293429
294030
294031
294032
294633
294634
294635
295236
295237
295238
295239
295840
295841
295842
296443
296444
296445
297046
297047
297048
297649
297650
297651
297652
298253
298254
298255
298856
298857
298858
299459
299460
299461
300062
300063
300064
300065
300666
300667
300668
301269
301270
205903
205904
206505
206506
332276
332877
333478
333479
334080
334081
334682
334683
335284
177309
176709
176110
25525
24926
24326
23726
23127
22527
21927
21328
20728
145946
145346
144747
144147
143547
142948
142348
141748
141149
140549
139949
139350
138750
138150
137551
136951
136351
135752
135152
145946
215
216
217
218
819
820
821
1422
1423
1424
2025
2026
2027
2028
2629
2630
2631
3232
3233
3233
3234
3835
3836
3837
4438
4439
4440
4441
5042
5043
5044
5645
5646
5647
6248
6249
6250
6251
6852
6853
6854
7455
7456
7457
8058
8059
8060
8661
8662
8663
8664
9265
9266
9267
9868
9869
9870
10471
10472
10473
11074
11075
11076
11077
11678
11679
11680
12281
12282
12283
12884
12885
12886
12887
13488
13489
13490
14091
14092
14093
14694
14695
14696
15297
15298
15299
15300
15901
15902
15903
16504
16505
16506
17107
17108
17109
17710
17711
17712
17713
18314
18315
18316
18917
18918
18919
19520
19521
19522
19523
20124
20125
20126
20727
20728
20728
20729
21330
21331
21332
21933
21934
21935
22536
22537
22538
23139
23140
23141
23742
23743
23744
24345
24346
24347
24348
24949
24950
24951
25552
25553
25554
26155
26156
26157
26758
26759
26760
27361
27362
27363
27964
27965
27965
27966
28567
28568
28569
29170
29171
29172
29773
29774
29775
30376
30377
30378
30979
30980
30981
31582
31583
31584
32185
32186
32787
32788
32789
33390
33391
33392
33993
33994
33995
34596
34597
34598
35199
35200
35201
35802
35803
35804
36405
36406
36407
37008
37009
37010
37611
37612
37613
38214
38215
38216
38817
38818
38819
39420
39421
39422
40023
40024
40025
40626
40627
40628
41229
41230
41831
41832
41833
42434
42435
42436
43037
43038
43039
43640
43641
43642
44243
44244
44245
44846
44847
44848
45449
45450
45451
46052
46053
46054
46655
46656
46657
47258
47259
47260
47861
47862
47863
48464
48465
48466
49067
49068
49069
49670
49671
50272
50273
50274
50875
50876
50877
51478
51479
51480
52081
52082
52083
52684
52685
52686
53287
53288
53289
53890
53891
53892
54493
54494
54495
55096
55097
55098
55699
55700
55701
56302
56303
56304
56905
56906
56907
57508
57509
57510
58111
58112
58113
58714
58715
59316
59317
59318
59919
59920
59921
60522
60523
60524
61125
61126
61127
61728
61729
61730
62331
62332
62333
62934
62935
14433
13833
13234
12634
12035
11435
10836
10236
9637
9037
8437
7838
7238
6639
6039
5440
4840
4240
3641
3041
2442
1842
1243
643
44
14433
63000
62400
61800
61201
60601
60002
59402
58803
58203
57603
57004
56404
55805
55205
54605
54006
53406
52807
52207
51607
50408
49809
49209
48610
48010
47410
46811
46211
45612
45012
44412
36018
35419
34819
34219
33620
33020
32421
31821
31221
30622
30022
29423
28823
28224
27624
27024
26425
25226
24626
24026
23427
22827
22228
21628
21028
20429
19829
19230
18630
18031
17431
16831
16232
15632
15033
6831
6231
4432
3833
