261000
260401
260402
260403
260404
259805
259806
259807
259208
259209
259210
258611
258612
258613
258014
255627
255628
255629
255030
255031
255032
254433
254434
254435
253836
253837
253838
253839
253240
253241
253242
249659
249660
249661
249062
249063
249063
249064
248465
248466
248467
247868
247869
247870
247271
247272
246673
246674
246675
246076
246077
246078
245479
245480
245481
244882
244883
244884
244285
244286
244287
243688
243689
243690
243091
243092
242493
242494
242495
241896
241897
235925
235926
235927
235328
235329
234730
234731
234732
234133
234134
234135
233536
233537
233537
233538
232939
232940
232341
232342
231743
231744
231145
231146
230547
230548
229949
229950
229351
229352
228753
228754
228155
228156
227557
227558
226959
226960
226361
226362
225763
225764
225165
225166
224567
224568
223969
223970
223371
223372
222773
222774
222175
222176
221577
221578
220979
220980
220381
220382
219783
219784
219185
219186
218587
218588
218588
217989
217990
217391
217392
216793
216194
216195
215596
215597
214998
214999
214400
208417
207818
207819
207220
207221
206622
206623
206024
205425
205426
204827
204828
204229
204230
203631
203632
203033
202434
202435
201836
201837
201238
201239
200640
200041
200042
199443
199444
198845
198846
198247
197648
197649
197050
197051
196452
196453
195854
195854
195255
195256
194657
194658
194059
194060
193461
193462
192863
192864
192265
192266
191667
191667
191068
191069
190470
190471
189872
189873
189274
188675
188676
188077
188078
187479
187480
186881
186882
186283
185684
185685
185086
185087
184488
184489
183890
183291
183292
182693
182694
182095
182096
181497
181497
180898
180899
180300
180301
179702
179103
179104
178505
178506
177907
177908
177309
176710
176711
176112
176113
175514
174915
174916
174317
174318
173719
173120
173121
172522
172523
171924
171925
171326
170727
170728
170129
170130
169531
168932
168933
168334
168335
167736
167137
167138
166539
166540
165941
165342
165343
164744
164745
164146
164147
163548
162949
162950
162351
162352
161753
294604
294605
294006
294007
294008
293409
293410
292811
292812
292813
292214
290421
289824
289226
289227
288629
288630
288031
288032
288033
287434
287435
287436
286837
286838
286239
286240
286241
285642
285643
285044
285045
285046
284447
284448
283850
283252
283253
282654
282655
282656
282057
282058
281459
281460
281461
280862
280863
280264
280265
279667
279668
279669
279070
279071
278472
278473
278474
277875
277876
277277
277278
277279
276680
276681
276082
276083
276084
275485
275486
274887
274888
274889
273095
271304
270705
270706
270707
270108
270109
269510
269511
269512
268913
268914
268315
268316
268317
267718
267719
267120
267121
267122
266523
266524
265925
265926
265927
265328
265329
265330
264731
264732
264133
264134
258757
258758
258159
258160
257561
257562
257563
256964
256965
256366
256367
256368
255769
255770
255171
255172
255173
254574
254575
253976
253977
253978
252185
251586
251587
251588
250989
250990
250991
250392
250393
249794
249795
249796
249197
249198
248599
248600
248601
248002
248003
247404
247405
247406
243820
243821
243222
243223
243224
242625
242626
242027
242028
236054
235455
235456
235457
234858
234859
234260
234261
234262
233663
233664
233065
349438
348838
348238
347639
347039
346439
345839
345839
345239
344639
344039
343440
342840
342240
341640
341040
340440
339840
339241
338641
338041
337441
336841
336241
335641
335042
334442
333842
333242
332642
332042
331442
330843
330243
329643
329043
328443
327843
327243
326644
326044
325444
324844
324244
317646
317046
316446
315846
315246
314646
314047
313447
312847
312247
311647
311047
310447
309848
309248
308648
308048
307448
306848
306248
305649
305049
304449
303849
303249
302649
302049
301450
300850
300250
299650
299050
298450
297850
297251
296651
296051
295451
294851
294251
293651
293052
292452
291852
283454
282854
282254
281654
281055
280455
279855
279255
278655
278055
277455
273256
272657
272057
271457
270857
270257
269657
269057
268458
267858
267258
266658
266058
265458
264858
253461
252861
252261
247463
243264
242664
242064
241464
240864
240264
239664
239065
238465
237865
237265
236665
236065
235465
234866
234266
233666
233066
233066
232466
231867
231267
230667
230068
229468
228869
228269
227669
227070
226470
225870
225271
224671
224071
223472
222872
222272
221673
221073
220474
219874
219274
218675
218075
217475
216876
216276
215676
215077
214477
213878
213278
212678
212079
211479
210879
210280
209680
209080
208481
207881
207281
206682
206082
205483
204883
204283
203684
203084
202484
201885
201285
200685
200086
199486
198887
198287
197687
197088
196488
195888
195289
194689
194089
193490
192890
192291
191691
191091
190492
189892
189292
188693
188093
187493
186894
186294
185694
185095
184495
183896
183296
182696
182097
181497
171365
170764
170164
169563
168962
168361
167761
167160
166559
165958
165358
164757
164156
163555
162955
162354
171365
171365
171966
172567
172568
173169
173770
174371
174372
174973
175574
176175
176776
176777
177378
177979
178580
178581
179182
179783
180384
180985
180986
181587
182188
182789
182790
183391
183992
184593
185194
185195
185796
186397
186998
186999
187600
188201
188802
188803
189404
190005
190606
191207
191208
191809
192410
193011
193012
193613
194214
194815
195416
195417
196018
196619
197220
197221
197822
198423
199024
199625
199626
200227
200828
201429
201430
202031
202632
203233
203834
203835
204436
205037
205638
205639
206240
206841
359812
359212
358612
358012
357412
356813
356213
355613
355013
354413
353813
353213
352613
352013
351413
350814
350214
349614
349014
348414
347814
347214
346614
346014
345414
344815
344215
343615
343015
342415
341815
341215
340615
340015
339416
338816
338216
337616
337016
336416
335816
335216
334616
334016
333417
332817
332217
331617
331017
330417
329817
329217
328617
328017
327418
326818
326218
325618
325018
324418
323818
323218
322618
322019
321419
320819
320219
319619
319019
318419
317819
317219
316619
316020
315420
314820
314220
313620
313020
312420
311820
311220
310620
310021
309421
308821
308221
307621
307621
307021
306421
305821
305221
304622
304022
303422
302822
302222
301622
301022
300422
299822
299223
298623
298023
297423
296823
296223
295623
295023
294423
293824
293224
292624
292024
291424
290824
290224
289624
289024
288424
287825
287225
286625
286025
285425
284825
284225
283625
283025
282426
281826
281226
280626
280026
279426
278826
278226
277626
277027
276427
275827
275227
274627
274627
274027
273427
272827
272228
271628
271028
270428
269828
269228
268628
268029
267429
266829
266229
265629
265029
264429
263829
263230
262630
262030
261430
260830
260230
259630
259031
258431
257831
257231
256631
256031
255431
254832
254232
253632
253032
252432
251832
251232
250633
250033
249433
248833
248233
247633
247033
246433
245834
245234
244634
244034
243434
242834
242234
241635
241035
240435
239835
239235
238635
238035
237436
236836
236236
235636
235036
234436
233836
233237
232637
232037
231437
230837
230237
229637
229037
228438
227838
227238
226638
226038
225438
224838
224239
223639
223039
222439
222439
221839
221239
220639
220039
219439
218839
218240
217640
217040
216440
215840
215240
214640
214040
213440
212840
212240
211640
211040
210441
209841
209241
208641
208041
207441
206841
161753
161153
160553
159954
159354
158754
158754
158154
157554
156953
156353
155753
155153
154553
153952
153352
152752
152152
151552
150951
150351
149751
149151
148551
147950
147350
146750
146750
146150
145550
144950
144350
143750
143150
142550
141950
141350
140750
140151
139551
138951
138351
137751
137151
136551
135951
135351
134751
134151
134151
133551
132952
132352
131752
131152
129353
127554
126355
125755
125155
124556
123956
123356
122757
122157
120957
120358
115560
114960
114361
113761
113761
113161
112562
111962
111362
110763
110163
109564
108964
108364
107765
107165
106565
105966
105366
104767
104167
103567
102968
102368
101169
100569
99969
99370
98171
97571
96971
96372
95772
95172
94573
93973
93374
92174
91575
90975
90375
89776
89176
88577
87977
87377
86778
86178
86178
85579
84979
84380
83780
83181
82581
81982
81382
80783
80183
79584
78984
78385
77785
76586
75987
75387
59800
59201
58601
58002
57402
56203
55604
55004
54405
53805
53206
52606
52007
51407
50808
50208
49609
49009
48410
47810
47211
46611
46012
45412
44813
44213
43614
43014
42415
41815
41216
40616
40017
39417
38818
38218
37619
37619
37020
36420
35821
35221
34622
34023
33423
32824
32225
31625
31026
30426
29827
29228
28628
28029
27430
26830
8250
7650
7051
6451
5852
5253
4653
4054
3455
2855
2256
1656
1057
458
78000
78001
78002
78003
78004
78605
78606
78607
78608
78609
79210
79211
79212
79213
79214
79815
79816
79817
79818
79819
79820
80421
80422
80423
80423
80424
80425
80426
81027
81028
81029
81030
81031
81032
81633
81634
81635
81636
81637
81638
82239
82240
82241
82242
82243
82244
82845
82846
82847
82848
82848
82849
82850
82851
83452
83453
83454
83455
83456
83457
83458
83459
84060
84061
84062
84063
84064
84065
84066
84667
84668
84669
84670
84671
84672
84673
84674
85275
85276
85277
85278
85279
85280
85281
85882
85883
85884
85885
85886
85887
85888
86489
86490
86491
86492
86493
86494
86495
86496
87097
87098
87099
87100
87101
87102
87103
87704
87705
87706
87707
87708
87709
87710
87711
88312
88313
88314
88315
88315
88316
91332
91333
91934
91935
91936
91937
92538
92539
92539
92540
92541
93142
93143
93144
93145
93746
93747
93748
93749
94350
94351
94352
94353
94954
94955
94956
94957
95558
95559
95560
95561
96162
96163
96164
96164
96165
96766
96767
96768
96769
97370
97371
97372
97973
97974
97974
98575
98576
99177
99178
99779
99780
100381
100382
100983
101584
101585
102186
102187
102788
102789
103390
103391
103992
104593
104594
105195
105196
105797
105798
106399
106400
107001
107602
107603
108204
108205
108806
108807
109408
110009
110010
110611
110612
111213
111214
111815
111816
112417
113018
113019
113620
113621
114222
114223
114824
114825
115426
116027
116028
116629
116630
117231
117232
117833
117834
118435
119036
119037
119638
119639
120240
120241
120842
120843
121444
122045
122046
122647
122648
123249
123250
123851
123852
124453
125054
125055
125656
125657
126258
126259
126860
126861
127462
128063
128064
128665
128666
129267
129268
129869
130470
130471
131072
131073
131674
131675
132276
132277
132878
133479
133480
134081
134082
134683
134684
135285
135286
135887
136488
136489
137090
137091
137692
137693
138294
138295
138896
138896
139497
140098
140099
140700
141301
141902
142503
142504
143105
143706
144307
144308
144909
145510
146111
146712
146713
147314
147915
148516
149117
149118
149719
150320
150320
150321
150922
150923
151524
151525
152126
152127
152728
152729
153330
153331
153932
153933
154534
154535
155136
155137
155738
155739
156340
156341
156942
156943
157544
157545
158146
158147
158748
158749
158749
158750
158751
158751
158752
158753
158754
31762
31762
42521
41922
41923
41325
41326
40727
40728
40129
40130
39531
39532
39533
38934
38935
38336
38337
37738
37739
37740
37141
37142
36543
36544
35945
35946
35947
35348
35349
34750
34751
34152
34153
33554
33555
33556
32957
32360
31761
37619
38220
38221
38822
38823
39424
39425
40026
40027
40628
40629
41230
47249
47850
48451
48452
49053
49054
49655
49656
50257
50258
50859
50860
51461
52062
52063
52665
53266
37619
206841
206842
207443
207444
208045
208046
208647
208648
209249
209250
209251
209852
209853
210454
210455
211056
211057
211058
211659
211660
212261
212262
212863
212864
213465
213466
214068
214670
215272
215874
218283
218588
217988
217387
216787
216187
215586
214986
214386
213785
213185
212584
211984
211384
210783
210183
209583
208982
208382
207782
207181
206581
205981
205380
204780
204179
203579
202979
202378
201778
201178
200577
199977
189610
189010
188410
187811
186611
186011
184812
184212
183612
183012
181813
181213
180613
180013
178814
178214
177614
175215
174615
168618
168018
167418
166818
166218
165019
164419
163819
163219
162020
161420
160820
159021
158421
157821
155422
154822
152423
151823
150024
149424
147025
146425
144626
144026
143426
133230
132630
117636
117036
86447
85847
85247
84647
84048
83448
161753
161754
161155
161156
160557
160558
159959
159960
159361
159362
158763
158764
158165
158166
157567
157568
156969
156970
156371
156372
155773
155774
155175
155176
154577
154578
153979
153980
153381
153382
152783
152784
152185
152186
151587
151588
150989
150990
150391
150392
149793
149794
149195
149196
148597
148598
147999
148000
147401
146803
146205
146206
145607
145608
145009
136039
136040
135441
135442
134843
134844
134844
134845
134246
134247
133648
133649
133050
133051
132452
132453
131854
131855
131256
131257
130658
130659
130660
130061
130062
129463
129464
128865
128866
128267
128268
127669
127670
127071
127072
126473
126474
126475
125876
125877
125278
125279
124680
124681
124082
124083
123484
123485
122886
122887
122288
122289
122290
121691
121692
121093
121094
120495
120496
119897
119898
119299
119300
118701
118702
118103
118104
118105
117506
117507
116908
116909
116310
116311
115712
115713
115114
115115
114516
114517
113918
113919
113920
113321
113322
112723
112724
112125
112126
111527
111528
110929
110930
110331
110332
109733
109734
109734
109735
109136
109137
108538
108539
107940
107941
107942
107343
107344
106745
106746
106747
106148
106149
105550
103757
103758
103159
103160
103161
102562
100171
100172
100173
99574
99575
98976
98977
98378
98379
98380
95988
95989
95390
95391
95392
94793
94794
94195
94196
93597
93598
93599
149034
149635
150236
150237
150838
151439
152040
152641
153242
153243
153844
154445
155046
155647
156248
156249
156850
157451
158052
158653
159255
159856
160457
149034
140016
140617
141218
141219
141820
142421
143022
143623
144224
144225
144826
145427
146028
146629
147230
147231
147832
148433
140016
133999
134600
134601
135202
135203
135804
136405
136406
137007
137008
137609
137610
138211
138812
138813
139414
139415
133999
118954
119555
119556
120157
120158
120759
120760
121361
121362
121963
122564
122565
123166
123167
123768
123769
124370
124371
124972
125573
125574
126175
126176
126777
126778
127379
127380
127981
128582
128583
129184
129185
129786
129787
130388
130389
130990
131591
131592
132193
132194
132795
132796
133397
133398
118954
118954
118354
117755
117155
116555
115956
115356
114756
114156
113557
112957
112357
111758
111158
110558
109359
109359
108759
108159
107560
106960
106360
105760
105161
104561
103961
103361
102761
102162
101562
100962
100362
99763
99163
98563
97963
97364
96764
96164
134544
133944
133345
132745
132146
131546
130946
130347
129747
129147
128548
127948
127349
126749
126149
125550
124950
124351
123751
123151
122552
121952
121352
120753
120153
119554
134544
134544
135145
135146
135747
135748
136349
136950
136951
137552
137553
138154
138755
138756
139357
139958
139959
140560
140561
141162
141162
141763
141764
142365
142966
142967
143568
144169
144170
144771
145372
145373
145974
146575
146576
147177
147778
147779
148380
148981
148982
149583
150184
150185
150786
150786
151387
151988
152589
153190
153791
154392
154993
154994
155595
156196
156797
157398
157999
158600
159201
159802
160403
161004
161605
162206
162807
163408
164009
164010
164611
165212
165813
166414
167015
167616
168217
168818
169419
170020
170621
171222
171823
172424
173025
173026
173627
174228
174829
175430
176031
176632
177233
153730
153130
152531
151931
151332
150732
150133
149533
148933
148334
147734
147135
146535
145936
145336
144737
144137
143537
142938
142338
141739
141139
140540
139940
139340
138741
138141
137542
136942
136343
135743
135144
153730
153730
154331
154932
155533
155534
156135
156736
157337
157938
158539
159140
159141
159742
160343
160944
161545
162146
162748
163349
163950
164551
165152
165753
165754
166355
166956
167557
180170
179569
178969
178368
177768
177167
176566
175966
175365
174764
174164
173563
172963
172362
171761
171161
170560
169959
169359
168758
168158
180170
198175
197575
196975
196375
195774
195174
194574
193974
193374
192774
192173
191573
190973
190373
189773
189173
188572
187972
187372
186772
186172
185572
184971
184371
183771
183171
182571
181971
181370
180770
198175
199977
199376
198776
199977
200564
200565
200566
200567
200568
200569
199970
199971
199972
199973
199974
199975
199976
200554
200555
200556
202326
202327
202328
201729
201730
201731
201732
201133
201134
201135
201136
201137
200538
200539
200540
200541
202326
205908
205909
205310
205311
205312
204713
204714
204715
204116
204117
204118
203519
203520
203521
202922
202923
202924
202325
205908
207696
207697
207698
207099
207100
207101
207102
206503
206504
206505
206506
205907
207696
220870
220271
219672
219073
219074
218475
217876
217277
216678
216079
216080
215481
214882
214283
213684
213085
212486
212487
211888
211289
210690
210091
209492
209493
208894
208295
220870
235837
235238
234639
234640
234041
233442
232843
232844
232245
231646
231047
231048
230449
229850
229251
229252
228653
228054
227455
227456
226857
226258
225659
225660
225061
224462
223863
223864
223265
222666
222067
222068
221469
235837
243600
243601
243002
243003
243004
242405
242406
242407
241808
241809
241210
241211
241212
240613
240614
240615
240016
240017
240018
239419
239420
239421
238822
238823
238824
238225
238226
238227
237628
237629
237030
237031
237032
236433
236434
236435
235836
243600
206841
206241
205642
205042
204442
203843
203243
202643
202044
201444
200845
200245
199645
199046
198447
198448
197852
196661
199136
199738
200340
206963
206964
207565
207566
208167
208168
208769
208770
209371
209372
209973
209974
210575
210576
211177
211178
211779
211780
212381
212382
212983
335982
335382
334782
334182
329383
328783
328183
327583
326983
326383
304194
303595
302995
302396
301796
301197
300597
299998
299398
296399
295799
295199
294599
251389
250789
274627
274628
275229
275230
275831
275832
276433
276434
277035
277036
277637
277638
278239
278240
278241
295101
295702
295703
315575
315576
316177
316178
150279
149680
149081
148482
147883
144887
144288
143689
143090
142491
141892
141292
140693
140094
139495
150279
161058
160459
159860
159261
159262
158663
158064
157465
156866
156267
155668
155669
155070
154471
153872
153273
152674
152075
152076
151477
150878
161058
177233
176634
176035
175436
174837
174238
173639
173039
172440
171841
171242
170643
170044
169445
168846
168247
167648
167049
166450
165851
165252
164652
164053
163454
162855
162256
161657
177233
195209
194609
194010
193411
192812
192213
191613
191014
190415
189816
189217
188618
188018
187419
186820
186221
185622
185022
184423
183824
183225
182626
182026
181427
180828
180229
179630
179031
178431
177832
199977
199978
199979
199380
198194
197596
197597
197598
197599
197000
197001
197002
197003
197004
196405
196406
199977
175915
175315
174716
174116
173517
172917
172317
171718
171118
170519
169919
169319
168720
168120
167521
166921
166321
165722
165122
164523
163923
163324
162724
162124
161525
160925
160326
159726
159126
158527
157927
157328
156728
156128
155529
154929
154330
175915
207696
207096
206497
205897
205297
204698
204098
203499
202899
202299
201700
201100
200500
199901
199301
198701
198102
197502
196902
196303
195703
195104
194504
193904
193305
192705
192105
191506
190906
190306
189707
189107
188507
187908
187308
186709
186109
185509
184910
184310
183710
183111
182511
181911
181312
180712
180112
179513
178913
178314
177714
177114
176515
207696
177233
177234
195854
195253
194653
194052
193451
192851
192250
191649
191049
190448
189848
189247
188646
188046
187445
186844
186244
185643
185042
184442
183841
183240
182640
182039
181439
180838
180237
179637
179036
178435
177835
195854
142576
141976
141376
161753
161154
160555
159955
159356
158757
158158
157559
156960
156360
155761
155162
154563
153964
153365
152765
152166
151567
150968
150369
149770
149170
161753
31005
31606
32207
32208
32809
33410
34011
34012
34613
35214
35815
36416
36417
37018
31005
14770
15371
15972
15973
16574
17175
17776
17777
18378
18979
19580
19581
20182
20783
21384
21985
21986
22587
23188
23789
23790
24391
24992
25593
26194
26195
26796
27397
27998
27999
28600
29201
29802
29803
30404
14770
14770
14170
13571
12971
12371
11772
11172
10572
9973
9373
8773
8173
7574
6974
6374
5775
5175
4575
3976
3376
2776
2177
1577
977
378
350039
350040
350041
350642
350643
350644
350645
350646
351250
351251
351252
359723
359124
358524
80423
79823
79223
78622
78022
77422
76822
76222
75622
75021
74421
73821
73221
72621
72020
71420
70820
70220
69620
69019
68419
67819
67219
66619
66019
65418
64818
64218
63618
63018
62417
61817
61217
60617
60017
59417
58816
58216
57616
57016
56416
55815
55215
54615
54015
53415
52814
52214
51614
51014
50414
49814
49213
48613
48013
48013
47413
46814
46214
31822
31222
30622
30022
29423
18029
17429
16829
16230
15630
15030
14431
13831
13831
13231
12632
12032
11432
10833
10233
9633
9034
8434
7834
7234
6635
6035
5435
4836
4236
3636
3037
2437
1837
1238
638
38
31005
30406
29806
29207
31005
61971
61972
61973
62574
62575
62576
63177
63178
63179
45620
45620
48013
47414
47415
46816
46817
46218
46219
48013
31762
31162
30561
29961
29360
28760
28159
27559
26958
26358
25758
25157
24557
23956
23356
22755
22155
21555
20954
20354
19753
19153
18552
2340
1740
86124
85525
84925
84325
83726
83126
82526
81927
81327
80727
80128
79528
78928
78328
77729
77129
76529
75930
75330
74730
74131
73531
72931
72332
71732
71132
70533
69933
69333
68734
68134
67534
66935
66335
65735
65136
64536
63936
63337
62737
62137
61538
60938
60338
59739
59139
58539
57939
57340
56740
56140
55541
54941
54341
53742
53142
52542
51943
51343
50743
50144
49544
48944
48345
47745
47145
46546
45946
45346
44747
44147
43547
42948
42348
41748
41149
40549
39949
39350
38750
38150
37551
36951
36351
35751
35152
34552
33952
33353
32753
32153
31554
30954
30354
29755
29155
28555
27956
27356
26756
26157
25557
3706
3105
2505
1904
1303
703
102
3706
3706
4307
4908
5509
5509
5510
6111
6112
6113
6714
6715
6716
6717
7318
7319
7320
7921
7922
7923
8524
8525
8526
9127
9128
9129
9730
9731
9732
9733
10334
10335
10336
10937
10938
10938
10939
11540
11541
11542
12143
12144
12145
12746
12747
12748
12749
13350
13351
13352
13953
13954
13955
14556
14557
14558
15159
15160
15161
15762
15763
15764
16365
16366
16367
16368
16969
16970
16971
17572
17573
17574
18175
18176
18177
18778
18779
18780
19381
19382
19383
19984
19985
19986
19987
20588
20589
20590
21191
21192
21193
21794
21795
21796
22397
22398
22399
23000
23001
23002
23603
23604
23605
24206
24207
24208
24209
24810
24811
24812
25413
25414
25415
26016
26017
26018
26619
26620
26621
27222
27223
27224
27825
27826
27827
27828
28429
28430
28431
29032
29033
29034
29635
29636
29637
30238
30239
30240
30841
30842
30843
31444
31445
31446
31447
32048
32049
32050
32651
32652
32653
33254
33255
33255
33256
33857
33858
33859
34460
34461
34462
35063
35064
35065
35666
35667
35668
36269
36270
36871
36872
36873
37474
37475
37476
38077
38078
38079
38680
38681
38682
39283
39284
39284
38685
38685
38686
38687
38088
38089
38089
38090
37491
37492
37493
36894
36895
36896
36297
36298
36299
35700
35701
35702
35103
35104
34505
34506
34507
33908
33909
33910
33311
33312
33313
32714
32715
32715
32716
32717
33318
33319
33320
33321
33922
33923
33923
33924
33925
33926
33927
33928
33929
33930
33930
33931
33332
33333
33334
33335
32736
32737
32737
32738
32139
32140
31541
31542
30943
30944
9609
9610
9611
10212
10213
10214
10815
10816
10817
11418
11419
11420
12021
12022
12023
12624
12625
12626
13227
13228
13229
13830
13831
307621
307622
307623
307624
307625
307626
307627
307628
307629
307630
307631
307632
307633
307634
307635
307621
331170
327571
326971
326371
325771
322172
321572
320972
320372
319772
319172
318572
317972
317373
316773
316173
315573
313069
319693
325715
332339
332940
332941
296858
296258
295658
291461
290861
290261
289662
289062
288462
222439
222440
223041
223042
223643
223644
224245
224246
224848
224849
225450
225451
238698
245924
245925
246526
246527
278393
277793
277193
276593
275993
275393
274793
274193
273593
272993
272393
271793
278393
280192
279592
278993
250654
250655
251256
251257
251858
251859
252460
252461
253062
253063
253664
253665
253666
254267
254268
254869
254870
255471
255472
256073
256074
256675
256676
257277
257278
257279
257880
257881
258482
258483
259084
259085
259686
259687
260288
260289
260290
260891
260892
261493
261494
262095
262096
262697
262698
263299
267515
267516
274742
275343
282569
282570
282571
250654
250654
234470
233871
233271
232672
359531
358931
358331
357731
357131
356531
355931
355331
354731
354131
353531
352931
352331
351731
351131
350531
349931
349331
348731
348131
347530
346930
346330
345730
345130
344530
343930
343330
342730
342130
341530
340930
340330
339730
339130
338530
338530
338531
338532
338533
338534
339135
339136
339137
339138
339139
339140
339141
339142
339143
339744
339745
339746
339747
339748
340361
340962
340963
340964
340965
340966
340967
340968
340969
340970
341571
341572
341573
341574
341575
341576
341577
341578
342179
342180
342181
342182
342183
342184
342185
342186
342187
342788
342789
342790
342791
342792
342793
344006
344007
344008
344009
345227
345228
345229
345230
345231
345232
345233
345234
345835
345836
345837
345838
345839
18359
17760
17761
17162
17163
16564
16565
15966
15967
15368
15369
18359
19547
19548
19549
19550
18951
18952
18953
18954
18955
18956
18357
18358
19547
22541
21942
21343
21344
20745
20146
22541
25535
24936
24337
24338
23739
23140
25535
26728
26729
26130
26131
26132
26133
25534
26728
26122
26123
26124
26125
26726
26727
26122
33403
32803
32204
31604
134151
24360
23761
23161
22562
21962
21363
20764
20164
19565
18966
18366
17767
17167
16568
15969
15369
24360
25557
24958
24959
25557
26154
26155
25556
26154
27950
27351
27352
26753
27950
30944
30345
29746
29747
29148
28549
30944
49500
49500
49500
48899
47698
41692
41092
40491
39891
39290
38690
38089
50680
50080
49480
48881
48281
47681
47081
46482
45882
45282
44682
44083
43483
42883
42283
41684
41084
40484
39884
39285
38685
44649
44049
43450
42850
42250
41651
41051
40451
39852
39252
38652
38052
37453
36853
36253
35654
35054
34454
33855
33255
20533
19933
19334
18734
18134
17535
16935
16335
15735
15136
14536
13936
13337
12737
12137
11538
10938
14503
13903
13304
12704
12105
11505
10905
10306
9706
9107
8507
7907
7308
6708
6109
5509
6680
6681
7282
7283
7284
7885
7886
7886
7887
7288
7289
7290
6691
6692
6693
6094
6095
6096
5497
5498
4899
4900
4901
4302
4303
4304
3705
3706
81719
82322
82323
82927
82928
83529
83530
83531
83532
84133
84134
84135
84136
84137
84738
84739
84740
84741
85342
85343
85344
85344
87150
87151
87152
87753
87754
88355
88356
88957
88958
88959
89560
89561
90162
90163
90764
95583
95584
96185
96186
96788
97390
97992
138323
138324
138925
138925
134150
134151
67812
67813
