284505
283906
283307
282708
282109
281510
280911
280312
279713
279114
278515
277916
277317
276718
276718
276119
276120
275521
275522
274923
274924
274325
274326
273727
273128
273129
272530
272531
271932
271933
271334
271334
271335
271336
271937
271938
271939
271940
271941
271942
272543
272544
272545
272546
272547
272548
273149
273150
273151
273151
273152
273153
273754
273755
273756
273757
273758
274359
274360
274361
274362
274363
274964
274965
274966
274967
274968
275569
275570
275571
275572
276779
276780
276781
277388
277389
277990
277991
277992
277993
277994
278595
278596
278597
278598
278599
279200
279201
279202
279203
279204
279805
279806
279807
279808
279809
280410
280411
280412
280413
280414
281015
281016
281017
281018
281019
281620
281621
281622
281623
281624
282225
282226
282227
282227
282228
282229
282830
282831
282832
285251
285252
285253
285254
285855
285856
285857
285858
286459
286460
286461
286462
286463
287064
287065
287066
287067
287068
287669
287670
287671
287672
287673
288274
288275
288276
288277
288278
288879
288880
288881
288882
288883
289484
289485
289486
289487
289488
290089
290090
290091
290092
290093
290694
291906
291907
291908
292509
292510
292511
292512
292513
293114
293115
293116
293117
293718
293719
293720
293721
293722
294323
294324
294325
294326
294327
294928
294929
294930
294931
294932
295533
295534
295535
295536
295537
296138
296139
296140
296141
296142
296743
296744
296745
296745
296746
296747
297348
297349
297350
297351
297352
297953
297954
297955
297956
298557
298558
298559
76298
75698
75098
74497
73897
73297
72697
72096
71496
70896
70296
69695
69095
68495
67895
67294
66694
66094
65494
64893
64293
63693
63093
56490
55890
55289
54689
54089
54089
53489
52888
52288
51688
51088
50487
49887
49287
48687
48086
47486
46886
46286
45685
45085
44485
43885
43284
42684
42684
42084
41483
40883
40283
39683
39082
38482
37882
37282
36681
36081
35481
34881
34280
33680
33080
32480
31879
31279
30679
30079
29478
28878
28278
27678
27077
26477
25877
25277
24676
24076
23476
22876
22275
21675
21075
20475
19874
19274
18674
18074
17473
16873
16273
15673
15072
14472
13872
13272
12671
12071
11471
10871
10270
9670
9070
8470
7869
7269
7269
6669
6069
5468
4868
4268
3668
3068
2467
1867
1267
667
67
359580
342783
342183
332585
331985
331385
330785
330185
329585
328985
328385
327785
327186
326586
325986
325386
324786
324786
324186
323586
322986
322386
321786
321186
320587
319987
319387
318787
318187
317587
317587
316987
316388
315788
315189
314589
313990
313390
312791
312191
312191
311592
310992
310393
309794
292414
291815
291215
290616
290616
290017
289418
288818
288219
287620
287021
286421
285822
285223
284624
284025
283425
282826
282227
7269
7270
6671
6672
6673
6674
6075
6076
6077
6078
5479
5480
5481
5482
4885
4289
3693
3096
3097
2500
2501
1904
1308
711
712
115
116
7269
25200
25201
24602
24603
24604
24005
24006
23407
23408
22809
22810
22211
22212
22213
21614
21615
21016
21017
20418
20419
20420
19821
19822
19223
19224
18625
18626
18027
18028
18029
17430
17431
16832
16833
16234
16235
15636
15637
15638
15039
15040
14441
14442
13843
13844
13845
13246
13247
12648
12649
12050
12051
11452
11453
11454
10855
10856
10257
10258
9659
9660
9661
9062
9063
8464
8465
7866
7867
7268
307755
307155
306555
305956
305356
304756
304156
303556
302957
302357
301757
301157
300557
299958
299358
298758
298158
297558
296959
296359
295759
295159
294559
293960
293360
292760
292160
291560
290960
290361
289761
289161
288561
287961
287362
286762
286162
285562
284962
284363
283763
283163
282563
281963
281364
280764
280164
279564
278964
278365
277765
277165
277165
276566
275967
275368
274769
274170
273571
272972
272373
271774
271174
270575
269976
269377
268778
268179
267580
266981
266382
265783
265184
265184
264584
263985
263385
262785
262185
261586
260986
260386
259786
259187
258587
257987
257387
256788
256188
255588
254988
254389
253789
253189
252589
251990
251390
250790
250190
249591
248991
248391
247791
247192
246592
245992
245392
244793
244193
243593
242993
242394
241794
241194
240594
239995
239395
238795
238196
237596
236996
236396
235797
235197
234597
233997
233398
232798
232198
231598
230999
230399
229799
229199
75327
74727
74126
73526
72925
72325
71724
71124
70523
69923
75327
75327
75328
75329
75930
75931
75932
75933
75934
76535
76536
76537
76538
77139
77140
77141
77142
77143
77744
77745
77746
77747
77748
78349
78350
78351
78352
78953
78954
78955
78956
78957
79558
79559
79560
79561
79562
80163
80164
80165
80166
80167
80768
80769
80770
80771
81372
81373
81374
81375
81376
81977
81978
81979
81980
81981
82582
82583
82584
82585
83186
83187
83188
83189
83190
83791
83792
83793
83794
83795
84396
84397
84398
84399
84400
85001
85002
85003
85004
85605
85606
85607
85608
85609
86210
86211
86212
86213
86214
86815
86816
86817
86818
87419
87420
87421
87422
87423
88024
88025
88026
88027
88028
88629
88630
88631
88632
89233
89234
89235
89236
89237
89838
89839
89840
89841
89842
90443
90444
90445
90446
90447
91048
91049
91050
91051
91652
91653
91654
91655
91656
92257
92258
92259
92260
92261
92862
92863
92864
92865
93466
93467
93468
93469
93470
94071
94072
94073
94074
94075
94676
94677
94678
94679
94680
95281
95282
95283
95284
95885
95886
95887
95888
95889
96490
96491
96492
96493
96494
97095
97096
97097
97098
97699
97700
97701
97702
97703
98304
98305
98306
98307
98308
98909
98910
98911
98912
98913
99514
99515
99516
99517
100118
100119
100120
100121
100122
100723
100724
100725
100726
100727
101328
101329
101330
101331
101932
101933
101934
101935
101936
102537
102538
102539
102540
102541
103142
103143
103144
103145
103146
103747
103748
103749
103750
104351
104352
104353
104354
104355
104956
104957
104958
104959
104960
105561
105562
105563
105564
106165
106166
106167
106168
106169
106770
106771
106772
106773
106774
107375
107376
107377
107378
107979
107980
107981
107982
107983
108584
108585
108586
108587
108588
109189
109190
109191
109192
109193
109794
109795
109796
109797
110398
110399
273151
272551
271951
271352
270752
270152
269552
268952
267153
266553
265953
265354
264754
264154
263554
262954
262354
261755
261155
260555
259955
259355
258756
258156
257556
256956
256356
255757
255157
254557
254557
254558
254559
255160
255161
255162
255163
255164
255765
255766
255767
255768
256369
256370
256371
256372
256373
256974
256975
256976
256977
256978
257579
257580
257581
257582
257583
258184
258185
258186
258187
258788
258789
258790
258791
258792
259393
259394
259395
259396
259397
259998
259999
260000
260001
260602
260603
260604
260605
260606
261207
261208
261209
261210
261211
261812
261813
261814
261815
261816
262417
262418
262419
262420
263021
263022
263023
263024
263025
263626
263627
263628
263629
263630
264231
264232
264233
264234
264235
264836
264837
264838
264839
265440
265441
265442
265443
265444
266045
266046
266047
266048
266049
266650
266651
266652
266653
266654
267255
267256
267257
267258
267859
267860
267861
267862
267863
268464
268465
268466
268467
268468
269069
269070
269071
269072
269673
269674
269675
269676
269677
270278
270279
270280
270281
270282
270883
270884
270885
270886
270887
271488
271489
271490
271491
272092
272093
276930
276931
276932
276933
276934
277535
277536
277537
277538
277539
278140
278141
278142
278143
278744
278745
278746
278747
278748
279349
279350
279351
296745
296145
295545
294946
294346
293746
293146
292546
291947
291347
290747
290147
289547
288948
288348
287748
287148
286549
285949
285349
284749
284149
283550
282950
282350
281750
281150
280551
279951
296745
280560
280561
280562
281163
281164
281165
281166
281767
281768
281769
281770
282371
282372
282373
282374
282975
282976
282977
282978
283579
283580
283581
283582
284183
284184
284185
284186
284787
284788
284789
284790
284791
285392
285393
285394
285395
285996
285997
285998
285999
286600
286601
286602
286603
287204
287205
287206
287207
287808
287809
287810
287811
288412
288413
290832
291433
291434
291435
291436
292037
292038
292039
292040
292641
292642
292643
292644
280560
351867
351868
351869
351870
352471
352472
352473
352474
352475
352476
353077
353078
353079
353080
353081
353082
353683
353684
353685
353686
353687
353688
354289
354290
354291
354292
354293
354294
354895
354896
354897
354898
354899
354900
355501
355502
355503
355504
355505
355506
325542
324942
324342
323743
323143
322543
321944
321344
320745
320145
319545
318946
318346
306954
306354
305754
305155
304555
303956
303356
302756
302157
301557
300957
300358
299758
299159
298559
306543
305943
305343
304744
304144
303544
302944
302345
301745
301145
300545
299946
299346
298746
298146
297547
296947
296347
295747
295148
294548
293948
293348
292149
291549
290949
290349
289750
289150
288550
287950
287351
286751
286151
285551
284952
284352
283752
283152
282552
281953
281353
280753
280153
279554
278954
278354
277754
277155
276555
275955
275355
274756
274156
273556
272956
272357
271757
271157
271157
270557
269358
268758
268158
266959
264560
263960
263360
262760
262161
261561
260961
260361
259762
259162
258562
257962
257362
256763
256163
255563
254963
254364
253764
253164
252564
251965
251365
250765
250165
249566
248966
248366
247766
247167
241769
241169
240569
239969
239370
231573
230973
230373
229773
229174
228574
227974
227374
226775
226175
225575
224975
224376
223776
223176
222576
221977
221377
220777
220177
219577
218978
218378
217778
217178
216579
215979
215379
214779
214180
213580
212980
212380
211781
211181
210581
209981
209382
208782
208182
208182
207582
206982
206383
205783
205183
204583
203984
203384
202784
202184
201585
200985
200385
199785
199185
198586
197986
197386
196786
196187
195587
194987
194387
193787
193188
192588
191988
191388
190789
190189
189589
188989
188390
187790
187190
186590
185990
185391
184791
184191
183591
182992
182392
181792
181192
180592
179993
179393
178793
178193
177594
176994
175195
174595
173995
173395
172795
172196
171596
170996
170396
169797
169197
168597
167997
167398
166798
166198
165598
208182
208183
208784
208785
209990
209991
210592
210593
210594
211195
211196
211797
211798
211799
208182
207579
208180
208181
215940
215340
214740
214141
213541
212341
211742
215940
266919
266319
265719
265120
264520
263920
263320
262721
253125
252525
248926
247727
247127
246527
244128
242329
241729
241130
240530
234532
233933
231534
230934
230334
229135
227335
226736
226136
225536
224936
224337
223737
223137
222537
221938
221338
220738
220138
219539
218939
218339
217739
217140
216540
266919
266919
266920
266921
267522
267523
267524
267525
267526
267527
268128
268129
268130
268131
268132
268733
268734
268735
268736
268737
271157
279351
279352
279353
279954
279955
279956
279957
280558
280559
279351
253200
253201
253802
253803
254404
254405
255006
255007
255608
255609
256210
256211
256812
256813
257414
257415
257416
258017
258018
258619
258620
259221
259222
259823
259824
260425
260426
261027
261028
261629
261630
261631
262232
262233
262834
262835
263436
263437
264038
264039
264640
264641
265242
265243
265844
265845
265845
265846
266447
266448
267049
267050
267651
267652
268253
268254
268855
268856
268857
269458
269459
270060
270061
270662
270663
271264
271265
271866
271867
271868
272469
272470
273071
273072
273673
273674
274275
274276
274877
274878
274878
275479
275480
276081
276082
276683
277284
277285
277886
277887
278488
279089
279090
279691
279692
280293
280294
280895
281496
281497
282098
282099
282700
283301
283302
283903
283904
284505
96600
96001
96002
96003
95404
95405
94806
94807
94208
94209
94210
93611
93612
93013
93014
92415
92416
92416
92417
91818
91819
91820
91221
86445
86446
86447
85848
85849
85850
85251
85252
85253
84654
84655
84656
84657
84058
84059
84060
83461
83462
83463
82864
82865
82866
82267
82268
82269
81670
81671
81672
81073
81074
81075
80476
80477
80478
79879
79880
79881
79282
79283
79284
78685
78686
78687
78088
78089
78090
77491
77492
77493
76894
76895
76896
76297
76298
76298
76299
75700
75701
75702
75103
75104
75105
75106
74507
74508
74509
73910
73911
73912
73313
73314
73315
73316
72717
72718
72719
72120
72121
72122
71523
71524
71525
70926
70927
70928
70929
70330
70331
70332
69733
69734
69735
69136
69137
69138
69139
68540
68541
68542
67943
67944
67945
67346
67347
67348
66749
66750
66751
66752
66153
66154
66155
65556
65557
65558
64959
64960
64961
64962
64363
64364
64365
63766
63767
63768
63169
63170
63171
62572
62573
62574
62575
61976
61977
61978
61379
61380
61381
60782
60783
60784
60785
60186
60187
60188
59589
59590
59591
58992
58993
58994
58395
58396
58397
58398
57799
57800
57801
57202
57203
57204
56605
56606
56607
56608
56009
56010
56011
55412
55413
55413
55414
55415
54816
54817
54818
54819
54220
54221
54222
54223
53624
53625
53626
53627
53028
53029
53030
53031
50048
50049
50050
50051
49452
49453
49454
49455
48856
48857
48858
48859
48260
48261
48262
48263
47664
47665
47666
47667
47068
47069
47070
47071
46472
46473
46474
41112
40513
40514
40515
40516
40517
39918
39919
39920
39921
39322
39323
39324
39325
39326
38727
38728
38729
38730
38731
38132
38133
38134
38135
37536
37537
37538
37539
37540
36941
36942
36943
36944
36945
36346
36347
36348
36349
35750
35751
35752
35752
35753
35754
35755
35156
35157
35158
35159
35160
35161
34562
34563
34564
34565
34566
34567
33968
33969
33970
33971
33972
33973
33374
33375
33376
33377
33378
33379
32780
32781
32782
32783
32784
32785
32786
32187
32188
32189
32190
32191
32192
31593
31594
31595
31596
31597
31598
30999
31000
31001
31002
31003
31004
30405
30406
30407
30408
30409
30410
29811
29812
29813
29814
29814
29815
29816
29817
29818
29219
29220
29221
29222
29223
29224
29225
29226
28627
28628
28629
28630
28631
28632
28633
28634
28035
28036
28037
28038
28039
28040
28041
28042
27443
27444
27445
27446
27447
27448
27449
27450
26851
26852
26853
26854
26855
26856
26857
26858
26259
26260
26261
26262
26263
26264
26265
26266
25667
25668
25669
25670
25671
25672
25673
25674
25075
25076
25077
25078
25079
25080
25081
25082
24483
24484
24485
24486
24487
24488
24489
24490
23891
23892
23893
23894
23894
23895
23896
23897
23898
23899
23300
23301
23302
23303
23304
23305
23306
23307
23308
23309
22710
22711
22712
22713
22714
22714
22715
22716
22717
22118
22119
22120
22120
22121
22122
22123
22124
22125
21526
21527
21528
21529
21530
21531
21532
21533
21534
21535
21536
21537
20938
20939
20940
20941
20942
20943
20944
20945
20946
20947
20948
20949
20350
20351
20352
20353
20354
20355
20356
20357
20358
20359
20360
20361
19762
19763
19764
19765
19766
19767
19768
19769
19770
19771
19772
19773
19174
19175
19176
19177
19178
19179
19180
19181
19182
19183
19184
19185
18586
18587
18588
18589
18590
18591
18592
18593
18594
18595
18596
17997
17998
17999
221400
221401
222002
222003
222604
222605
223206
223207
223808
223809
224410
224411
225012
225013
225614
225615
226216
226217
226818
226819
227420
227421
228022
228023
228624
228625
229226
229227
229828
229829
230430
230431
231032
231033
231634
231635
232236
232237
232838
232839
233440
233441
234042
234043
234644
234645
235246
235247
235848
235849
236450
236451
237052
237053
237654
237655
238256
238257
238858
238859
239460
239461
240062
240063
240664
240665
241266
241267
241868
241869
242470
242471
243072
243073
243674
243675
244276
244277
244878
244879
245480
245481
246082
247889
291600
291000
290400
289800
289200
288600
288000
287400
286801
286201
285601
285001
284401
283801
283201
282601
282001
281401
280801
280201
279601
279001
278401
277801
277201
276602
276002
275402
274802
274202
273602
273002
272402
271802
271802
271202
270601
270001
269400
6563
5964
5965
5966
5967
5968
5369
5370
5371
4775
4776
4180
4181
4182
4183
3585
3586
10113
10114
10115
10116
10117
9518
10113
10707
10708
10109
10110
10111
10112
32073
32074
54089
54090
54091
53492
53493
53494
54089
69612
69613
69014
69015
69016
68417
68418
68419
67820
67821
67822
67223
67224
67225
66626
66627
66628
66029
66030
66031
65432
65433
65434
64835
54685
54686
54687
54088
69612
73200
73201
72602
72603
72004
72005
71406
71407
70808
70809
70210
70211
11142
10541
9941
9341
8741
8140
7540
6940
6340
5739
5139
4539
3938
3338
2738
2138
1537
937
337
35752
35152
34552
33951
33351
32751
32151
31550
30950
30350
29750
35752
55225
55226
54627
54628
54629
54030
54031
54032
53433
53434
52835
52836
52837
52238
52239
52240
51641
51642
51643
51044
51045
51046
50447
50448
49849
49850
49851
49252
49253
49254
48655
48656
48657
48058
48059
48060
47461
47462
46863
46864
46865
46266
46267
46268
45669
45670
45671
45072
45073
45074
44475
44476
43877
43878
43879
43280
43281
43282
42683
55225
55225
54625
54024
53424
52823
52223
51623
51022
50422
49821
284505
285106
285107
285708
286309
286310
286911
287512
287513
288114
288715
288716
289317
289918
289919
290520
291121
291122
291723
292324
292325
292926
293527
293528
294129
294730
294731
295332
295933
295934
296535
297136
297137
297738
298339
298340
298941
299542
299543
300144
300745
300746
301347
301948
302549
302550
303151
303752
303753
304354
304955
304956
305557
306158
306159
312775
313376
313377
313978
314579
314580
315181
315782
315783
316384
316985
316986
284505
274878
274278
273678
273079
272479
271879
271279
270680
270080
269480
268880
268281
267681
267081
266481
265882
265282
264682
264082
263483
262883
262283
261683
261084
260484
259884
259284
258685
258085
257485
256885
256286
255686
255086
254486
253887
253287
252687
252087
251488
250888
250288
249688
249089
248489
247889
247889
247289
246689
246090
245490
244890
244290
243091
242491
241891
240692
240092
239492
238892
238292
237693
237093
236493
235893
235293
234694
234094
233494
232295
231695
231095
229296
228696
228096
226297
225697
223898
223298
222698
220899
220299
219699
217900
217300
215501
214901
214301
212502
211902
209503
208903
207104
206504
205904
204105
203505
201106
200506
198707
198107
195708
195108
192709
190310
182513
180114
177715
177115
176515
359428
358828
358229
357629
357029
356429
355829
355229
354629
354029
353429
352830
352230
351630
351030
350430
349830
349230
348630
348030
347431
346831
346231
345631
345031
344431
343831
343231
342631
342031
341432
340832
340232
339632
339032
338432
337832
337232
336632
336033
335433
334833
334233
333633
333033
332433
331833
331233
330633
330034
329434
328834
328234
327634
327034
326434
325834
325234
324635
324035
323435
322835
322235
321635
321035
320435
319835
319236
318636
318036
317436
316836
316236
315636
315036
314436
313836
313237
312637
312037
311437
310837
310237
309637
309037
308437
307838
307238
306638
306038
305438
304838
304238
303638
303038
302439
301839
301239
300639
300039
299439
298839
298239
297639
297039
296440
295840
295240
294640
294040
293440
292840
292240
291640
291041
290441
289841
289241
288641
288041
287441
286841
286241
285641
285042
284442
283842
283242
282642
282042
281442
280842
280242
279643
279043
278443
277843
277243
276643
276043
275443
274843
274244
273644
273044
272444
271844
271244
270644
270044
269444
268844
268245
267645
267045
266445
265845
298559
298560
298561
298562
298563
298564
298565
298566
298567
298568
298569
298570
298571
298572
298573
298574
298575
298576
298577
298578
298579
298580
298581
298582
298583
298584
298585
298586
298587
298588
298589
298590
298591
298592
298593
298594
298595
298596
298597
298598
298599
298600
298601
298602
298603
298604
298605
298606
298607
298608
298609
298610
298611
298612
298613
298614
298615
298616
298617
298618
298625
298626
298627
298628
298629
298630
298631
298632
298633
298634
298635
298636
298637
298638
298639
298640
298641
299891
299892
299893
299894
299895
300496
300497
300498
305937
305938
305939
305940
306541
306542
306543
306543
306544
306545
306546
307147
307148
307149
307150
307151
307152
307753
307754
307755
307755
307756
307757
308358
308359
308360
308361
308362
308363
308964
308965
308966
308967
308968
309569
309570
309571
309572
309573
310174
310175
310176
310177
310178
310179
310780
310781
310782
310783
310784
311385
311386
311387
311991
311992
311993
311994
311995
312596
312597
312598
312599
29814
29214
28614
28014
27413
26813
20211
19611
19011
18411
29814
151175
174501
173305
173306
186441
186442
186441
205628
205028
204429
203829
203230
202630
202030
201431
200831
200232
199632
199032
198433
197833
197234
196634
196034
195435
194835
194236
193636
193037
192437
191837
191238
190638
190039
189439
188839
188240
187640
187041
205628
224845
224244
223644
223043
222443
221842
221242
220641
220041
219440
218840
218239
217639
217038
216438
215837
215237
214636
214035
213435
212834
212234
211633
211033
210432
209832
209231
208631
208030
207430
206829
206229
224845
247079
246478
245877
245276
244675
244074
243473
242873
242272
241671
241070
240469
239868
239267
238666
238065
237464
236863
236262
235662
235061
234460
233859
233258
232657
232056
231455
230854
230253
229652
229051
228451
227850
227249
226648
226047
225446
247079
247079
247680
247681
248282
248883
248884
249485
250086
250087
250688
251289
251290
251891
252492
252493
253094
253695
254296
254297
254898
255499
255500
256101
256702
256703
257304
257905
257906
258507
266919
266318
265717
265116
264516
263915
263314
262713
262112
261511
260910
260310
259709
259108
266919
189111
189112
189713
189714
189715
189716
189717
189718
190319
190320
190321
190322
190323
190924
190925
190926
190927
190928
190929
191530
191531
191532
191533
191534
192135
192136
192137
192138
192139
192140
192741
192742
192743
192744
192745
193346
193347
193348
193349
193350
193351
193952
193953
193954
193955
193956
194557
194558
194559
195163
195164
176515
176516
176517
177118
177119
177120
177121
177122
177723
177724
177725
177726
177727
178328
178329
178330
178331
178332
178933
178934
178935
178936
179538
179539
179540
179541
180143
180144
180145
180748
180749
180750
181353
181354
181355
181958
181959
182563
182564
183168
183169
183773
183774
165831
165232
164633
164034
163435
162836
162237
161638
161039
160440
159841
159242
158643
158044
157445
156846
156247
155648
155049
154450
153850
153251
152652
152053
151454
150855
150256
149657
149058
148459
147860
143068
141271
140672
140073
139474
138875
138276
137677
137078
136479
135880
135281
134682
134083
133484
132885
132286
131687
131088
130489
129889
129290
128691
128092
127493
126894
126295
125696
125097
124498
123899
123300
122701
122102
121503
120904
120305
119706
119107
118508
165831
230067
229467
228866
228266
227666
227065
226465
225865
225264
224664
224064
223463
222863
222263
221662
221062
220462
219861
219261
218661
218060
217460
216860
216259
215659
215059
214458
213858
213258
212657
212057
211457
210856
210256
209656
209055
208455
207855
207254
206654
206054
205453
204853
204253
203652
203052
202452
201851
201251
200651
200050
199450
198850
198249
197649
197048
196448
195848
195247
194647
194047
193446
192846
192246
191645
191045
190445
189844
189244
188644
188043
187443
186843
186242
185642
185042
184441
183841
183241
182640
182040
181440
180839
180239
179639
179038
178438
177838
177237
176637
176037
175436
174836
174236
173635
173035
172435
171834
171234
170634
170033
169433
168833
167632
167032
166431
230067
230067
229468
228869
228270
227670
227071
226472
225873
225274
224675
224076
223477
222877
222278
221679
221080
220481
219882
219283
218683
218084
217485
216886
216287
215688
215089
214489
213890
213291
212692
212093
211494
210895
210296
209696
209097
208498
207899
207300
206701
206102
205502
204903
204304
203705
203106
202507
201908
201308
200709
200110
199511
198912
198313
197714
197115
196515
195916
195317
194718
194718
194119
193520
192921
192321
191722
191123
190524
189925
189326
188727
188128
187528
186929
186330
185731
185132
184533
183934
183335
182735
182136
181537
180938
179138
178538
177938
177338
176737
176137
175537
174936
174336
173736
173136
172535
171935
171335
170734
170134
169534
168934
168333
167733
167133
166532
165932
165332
164732
164131
163531
162931
162330
161730
161130
160529
159929
159329
158729
158128
157528
156928
156327
155727
155127
154527
153926
153326
152726
152125
151525
150925
150325
149724
149124
148524
147923
147323
146723
146123
145522
144922
144322
143721
143121
142521
141921
141320
140720
140120
139519
138919
138319
137719
137118
136518
135918
135317
134717
134117
133517
132916
132316
131716
131115
130515
129915
129314
128714
128114
127514
126913
126313
125713
125112
124512
123912
123312
122711
122111
121511
120910
120310
119710
119110
118509
117909
195165
194565
193965
193366
192766
192166
191566
190967
190367
189767
189167
188568
187968
187368
186768
186169
185569
184969
184369
183770
195165
229952
229352
228752
228153
227553
226953
226353
225754
225154
224554
223954
223354
222755
222155
221555
220955
220356
219756
219156
218556
217956
217357
216757
216157
215557
214958
214358
213758
213158
212558
211959
211359
210759
210159
209560
208960
208360
207760
207161
206561
205961
205361
204761
204162
203562
202962
202362
201763
201163
200563
199963
199363
198764
198164
197564
196964
196365
195765
229952
240152
239552
238952
238352
237752
237152
236552
235952
235352
234752
234152
233552
232952
232352
231752
231152
230552
240152
250948
250348
249748
249149
248549
247949
247349
246750
246150
245550
244950
244350
243751
243151
242551
241951
241352
240752
250948
250948
251549
251550
252151
252752
252753
253354
253955
253956
254557
214705
214706
214707
214708
214709
214710
214711
214712
214713
215314
215315
215316
215317
215318
215319
215937
215938
215939
214705
205663
205664
206265
206266
206267
206868
206869
206870
207471
207472
208073
208074
208075
208676
208677
208678
209279
209280
209281
209882
209883
209884
210485
210486
211087
211088
211089
211690
211691
211692
212293
212294
212295
212896
212897
212898
213499
213500
214101
214102
214103
214704
205663
205628
205629
205630
205631
205632
205633
205634
205635
205636
205637
205638
205639
205640
205641
205642
205643
205644
205645
205646
205647
205648
205649
205650
205651
205652
205653
205654
205655
205656
205657
205658
205659
205660
205661
205662
205628
209211
209212
208613
208614
208615
208016
208017
208018
207419
207420
206821
206822
206823
206224
206225
206226
205627
209211
205578
205579
205580
205581
205582
206183
206184
206185
206186
206187
206788
206789
206790
206791
206792
206793
207394
207395
207397
207398
207999
208000
208001
208002
208003
208604
208605
208606
208607
208608
209209
209210
194718
194719
195320
195321
195322
195323
195924
195925
195926
196527
196528
196529
197130
197131
197132
197133
197734
197735
197736
198337
198338
198339
198940
198941
198942
198943
199544
199545
199546
200147
200148
200149
200750
200751
200752
200753
201354
201355
201356
201957
201958
201959
202560
202561
202562
202563
203164
203165
203166
203767
203768
203769
204370
194718
22714
22114
21514
20914
20314
19714
19114
18514
17914
17314
16714
16113
15513
14913
14313
13713
13113
12513
11913
11313
10713
10113
10113
9513
8913
8313
7713
7113
6513
5912
5312
4712
4112
3512
2912
2312
1712
1112
512
