196621
196622
196623
196024
196025
196026
196027
195428
195429
195430
195431
194832
194833
194834
194835
194236
194237
194238
194239
193640
193641
193642
193643
193044
193045
193046
193047
192448
192449
192450
192451
191852
191853
191854
191855
191256
191257
191258
191259
190660
190661
190662
190663
190064
190065
190066
190067
189468
189469
189470
189471
188872
188873
188874
188875
188276
188277
188278
188279
187680
187681
187682
187683
187084
187085
187086
187087
186488
186489
186490
186491
185892
185893
185894
185895
185296
185297
185298
185299
184700
184701
184702
184703
184104
184105
184106
184107
183508
183509
183510
183511
182912
182913
182914
182915
182316
182317
182318
182319
181720
181721
181722
181723
181124
181125
181126
181127
180528
180529
180530
180531
179932
179933
179934
179935
179336
179337
179338
179339
178740
178741
178742
178743
178144
178145
178146
178147
177548
177549
177550
177551
176952
176953
176954
176955
176358
176359
175761
175762
175763
175164
175165
175165
175166
175167
174568
174569
174570
174571
173972
173973
173974
173975
173976
173377
173378
173379
173380
172781
172782
172783
172784
172785
172189
171591
171592
171593
171594
170995
170996
170997
170998
170399
253976
253376
252776
252176
251576
250976
250376
249776
249176
248576
247976
247376
246776
246176
245576
244976
244376
243776
243176
242576
241976
241376
240776
240176
239576
238976
238376
237776
237176
236576
235976
235376
234776
234176
233576
232976
232376
231776
231176
230576
253976
564
565
1166
1167
1168
1769
1770
1771
2372
2373
2374
2975
2976
3577
3578
3579
4180
4181
4182
4783
4784
5385
5386
5387
5988
5989
5990
42000
41401
41402
41403
41404
41405
40806
40807
40808
40809
40210
40211
40212
40213
40214
39615
39616
39617
39618
39019
39020
39021
39022
39023
38424
38425
38426
38427
37828
37829
37830
37831
37832
37233
37234
37235
37236
36637
36638
36639
36640
36041
36042
36043
36044
36045
35446
35447
35448
35449
34850
34851
34852
34853
34854
34255
34256
34257
34258
33659
33660
33661
33662
33663
33064
33065
33066
33067
32468
32469
32470
32471
32472
31873
31874
31875
31876
31277
31278
31279
31280
31281
30682
30683
30684
30685
30086
30087
30088
30089
30090
29494
28895
28896
28897
28898
28899
28300
28301
28302
28303
27704
27705
27706
27707
27108
27109
27110
27111
27112
26513
26514
26515
26516
25917
25918
25919
25920
25921
25322
25323
25324
25325
24726
24727
24728
24729
24730
24131
24132
24133
24134
23536
23537
23538
23539
22940
22941
22942
22943
22344
22345
22346
22347
22348
21750
21751
21752
21153
21154
21155
21156
21157
20558
20559
20560
20561
19962
19963
19964
19965
19367
19368
19369
19370
18771
18774
18177
18178
18179
17580
17581
17582
17583
16984
16985
16986
16987
16988
16389
16390
16391
16392
15795
15796
15797
15198
15199
14606
14007
14008
14009
14010
13414
13415
12816
12817
12818
12819
12224
11625
11626
11627
10435
10436
10437
9245
9246
4481
255366
254766
254166
253566
252966
252366
251766
251165
250565
249965
249365
248765
248165
247565
246965
246365
245765
245165
244565
243965
243365
242764
242164
241564
240964
240364
239764
239164
238564
237964
237364
236764
236164
235564
234964
234363
233763
233163
232563
231963
231363
230763
230163
229563
228963
228363
227763
227163
226563
225962
225362
224762
224162
223562
222962
222362
221762
221162
220562
206760
206160
205560
180568
179967
179367
178767
178167
177566
176966
176366
175765
248995
248395
247795
247195
246594
245994
245394
244794
244193
243593
242993
242393
241792
241192
227387
226786
226186
225586
224986
224385
223785
223185
222585
221984
221384
220784
220184
219583
218983
218383
217783
217182
216582
215982
215382
214782
214181
213581
212981
212381
211780
211180
210580
209980
209379
208779
208179
207579
206978
206378
205778
205178
204577
203977
203377
202777
202176
201576
200976
200376
199775
199175
198575
197375
196774
196174
195574
194373
193773
193173
191972
191372
190772
189571
188971
188371
187771
187170
186570
185970
184769
184169
183569
182969
182368
181768
256198
255598
254998
256198
359987
359388
358789
358190
357591
356992
356393
355794
355195
355196
354597
230562
230563
230564
230565
230566
230567
230568
230569
229970
229971
229972
229973
229974
229975
230562
232926
232927
232928
232929
232930
232331
232332
232333
232334
232335
232336
232337
232338
232339
231740
231741
231742
231743
231744
231745
231746
231747
231748
231149
231150
231151
231152
231153
231154
231155
231157
230558
230559
230560
230561
232926
238200
238201
237602
237603
237606
237607
237608
237609
237610
237611
237612
237613
237614
237615
237616
237017
237018
237019
237020
237021
237022
237023
237024
237025
236441
236442
236443
236444
236445
235846
235847
235848
235849
235850
235851
235852
235853
235854
235855
235856
235857
235858
235859
235860
235261
235262
235263
235264
235265
235266
235267
235268
235269
235270
235271
235272
235273
235274
234676
234677
234678
234679
234680
234681
234682
234683
234684
234685
234686
234687
234688
234689
234090
234091
234092
234094
234095
234096
234097
234098
234099
234100
234101
234102
234103
234104
233505
233506
233507
233508
233509
233510
233511
233512
233513
233514
233515
233516
233517
233518
232919
232920
232921
232922
232923
232924
232925
253976
253977
253978
253979
253980
253981
253982
253983
253984
253985
253986
253987
253988
253989
253990
253991
253992
253993
253994
253995
253996
253997
253998
253999
254600
254601
254602
254603
254604
254605
254606
254607
254608
254609
254610
254611
254612
254613
254614
254615
254616
254617
254618
254619
254620
254621
254622
254623
254624
254625
254626
254627
254628
254629
254630
254631
254632
254633
254634
254635
254636
254637
254638
254639
254640
254641
254642
254643
254644
254645
255246
255247
255248
255249
255250
255251
255252
255253
255254
255255
255256
255257
255258
255259
255260
255261
255262
255263
255264
255265
255266
255267
255268
255269
255269
255270
255271
255272
255273
255274
255275
255276
255277
255278
255279
255280
255281
255282
255283
255284
255285
255286
255287
255288
255289
255290
255291
255292
255293
255294
255295
255296
255297
255298
255299
255300
255301
255302
255303
255304
255305
255306
255307
255308
255309
255310
255311
255312
255313
255314
255315
255316
255317
255318
255319
255320
255321
255322
255323
255324
255325
255326
255327
255328
255329
255330
255331
255332
255333
255334
255335
255336
255337
255338
255339
255340
255341
255342
255343
255344
255345
255346
255347
255348
255349
255350
255351
255352
255353
255354
255355
255356
255357
255358
255359
255360
255361
255362
255363
255364
255365
255366
255366
255367
255368
255369
255370
255371
255372
255373
255374
255375
255376
255377
255378
255379
255380
255381
255382
255383
255384
255385
255386
255387
255388
255389
255390
255391
255392
255393
255394
255395
255396
255397
255398
255399
255400
255401
255402
255403
255404
255405
255406
255407
255408
255409
255410
255411
255412
255413
255414
255415
255416
255417
255418
255419
255420
255421
255422
255423
255424
255425
255426
255427
255428
255429
255430
255430
255431
255432
255433
255434
255435
255436
255437
255438
255439
255440
255441
255442
255443
255444
255445
255446
255447
255448
255449
255450
255451
255452
255453
255454
255455
255456
255457
255458
255459
255460
255461
255462
255463
255464
255465
255466
255467
255468
255469
255470
255471
255472
255473
255474
255475
255476
255477
255478
255479
255480
255481
255482
255483
255484
255485
255486
255487
255488
255489
255490
255491
255492
255493
255494
255495
255496
255497
255498
255499
255500
255501
255502
255503
255504
255505
255506
255507
255508
255509
255510
255511
255512
255513
255514
256115
256116
256117
256118
256119
256120
256121
256122
256123
256124
256125
256126
256127
256128
256129
256130
256131
256132
256133
256134
256135
256136
256137
256138
256139
256140
256141
256142
256143
256144
256145
256146
256147
256148
256149
256150
256151
256152
256153
256154
256155
256156
256157
256158
256159
256160
256161
256162
256163
256164
256165
256166
256167
256168
256169
256170
256171
256172
256173
256174
256175
256176
256177
256178
256179
256180
256181
256182
256183
256184
256185
256186
256187
256188
256189
256190
256191
256192
256193
256194
256195
256196
256197
256198
257399
256799
255600
255601
255602
255603
255604
255605
255606
255607
255608
255023
255024
255025
255026
255027
255028
255029
255030
255031
255032
255033
255034
255035
255036
255037
255038
255039
255040
255041
255042
255043
255044
255045
255046
255047
255048
255049
255050
255051
255052
255053
255054
255055
255056
255057
255058
255059
255060
255061
255062
255063
255064
255065
255066
255067
255068
255069
255070
255071
255072
255073
255074
255075
255076
255077
255078
255079
255080
254482
254483
254492
254497
254498
254499
254500
254501
254502
254503
254504
254505
254506
254507
254508
254509
254510
254511
254512
254513
254514
254515
254516
254517
254518
254519
254520
254521
254522
254523
254524
254525
254526
254527
254528
254529
254530
254531
254532
254533
254534
254535
254536
254537
254538
254539
254540
254541
254542
254543
254544
253945
253946
253947
253948
253949
253950
253951
253952
253953
253954
253955
253956
253957
253958
253959
253960
253961
253962
253963
253964
253965
253966
253967
253968
253969
253970
253971
253972
253973
253974
253975
253976
33004
32404
31804
31203
30603
30003
29403
28803
28202
27602
27002
27002
26402
25802
25202
22801
22201
19801
19201
18601
18001
17400
16800
16200
15600
15000
14400
14400
13800
13200
15622
15623
15624
15025
15026
15027
15028
14429
14430
14431
14432
13834
13835
13836
9708
9709
9710
9710
9711
5540
5541
5542
5543
5544
4945
4946
4947
4948
4949
4350
4351
4352
4353
3754
3755
3756
10208
10209
10208
10208
9608
9008
8408
7807
7207
6607
6607
6007
5407
4807
4207
3608
3008
2408
1808
1808
1208
609
9
9710
9109
8509
7308
9710
3756
3757
3758
3159
3160
3161
3162
777
778
179
180
180
205560
205561
205562
204963
204964
204965
204966
204367
204368
204369
204370
203771
203772
203773
203774
203175
203176
203177
203178
202579
202580
202581
202582
201983
201984
201985
201986
201387
201388
201389
201390
200791
200792
200793
200794
200195
200196
200197
200198
199599
199600
199601
199602
199004
199005
199006
198407
198408
198409
198410
197813
197814
197215
197216
197217
197218
196619
196620
205560
229976
229977
229978
229379
229380
229381
229382
228783
228784
228785
228786
228787
228188
228189
228190
228191
227592
227593
227594
227595
227596
226997
226998
226999
227000
226401
226402
226403
226404
226405
225806
225807
225808
225809
225210
225211
225212
225213
225214
224615
224616
224617
224618
224019
224020
224021
224022
224023
223424
223425
223426
223427
222828
222829
222830
222831
222832
222233
222234
222235
222236
221637
221638
221639
221640
221641
221042
221043
221044
221045
220446
220447
220448
220449
220450
219851
219852
219853
219854
219255
219256
219257
219258
219259
218660
218661
218662
218064
218065
218066
218067
218068
217469
217470
217471
217472
216873
216874
216875
216876
216277
216278
216279
216280
216281
215682
215683
215684
215685
215086
215087
215088
215089
215090
214491
214492
214493
214494
213895
213896
213897
213898
213899
213300
213301
213302
213303
212704
212705
212706
212707
210920
210921
210322
210323
210324
210325
210326
209727
209728
209729
209730
209131
209132
209133
209134
209135
208536
208537
208538
208539
207940
207941
207942
207943
207944
207345
207346
206749
206750
206751
206752
206753
206154
206155
206156
205558
205559
229976
298628
298028
297428
296828
296228
295628
295028
294428
293828
293228
275829
275229
274629
274029
273429
272829
272229
271629
271029
270429
269829
269229
268629
268029
267429
266829
266229
265630
265030
264430
263830
263230
262630
262030
261430
260830
260230
259630
259030
258430
257830
257230
256630
256030
298628
229421
229422
229423
229424
228826
228827
228828
228829
228830
228831
228232
228233
228234
228235
228236
227637
227638
227639
227640
227641
227042
227043
227044
227045
226447
226448
226449
226450
226451
225852
225853
225854
225855
225856
225257
225258
222880
216931
216932
216933
216334
216335
216336
216337
216338
215739
215740
215741
215742
234947
234347
233747
233147
232547
231947
231347
230747
230147
229547
225946
225346
224746
224146
223546
222946
222346
221746
221146
220546
219946
243206
243207
243208
243209
243211
243212
243213
243218
243219
243220
243221
243222
243223
243224
243225
243226
243293
243294
243295
243296
243297
243298
243206
243206
242606
242006
241406
240806
304472
303872
303272
302672
302072
301472
300872
300272
299672
299072
298472
297872
297272
296672
296071
295471
294871
294271
293671
293071
292471
291871
291271
290671
290071
289471
288871
288271
287671
287071
286471
285871
285271
284671
284071
283471
282871
282271
281671
281071
280471
279871
279270
278670
278070
277470
276870
276270
275670
275070
274470
273870
273270
272670
272070
271470
270870
270270
269670
269070
268470
267870
267270
266670
266070
265470
264870
264270
263670
263069
262469
261869
261269
260669
260069
259469
258869
258269
257669
257069
256469
255869
304472
33004
33005
33006
32407
32408
32409
32410
31813
31814
31815
31216
31217
31218
31219
30620
30621
30622
30623
30624
30025
30026
30027
30028
29429
29430
29431
29432
29433
28834
28835
28836
28837
28238
28239
28240
28241
28242
27643
27644
27645
27646
27047
27048
27049
27050
27051
26452
26453
26454
26455
26456
25857
25858
25859
25860
25261
25262
25263
25264
25265
24666
24667
24668
24669
24070
24071
24072
24073
24074
23475
23476
23477
23478
22879
22880
22881
22882
22883
22284
22285
22286
22287
21688
21689
21690
21691
21692
21093
21094
21095
21096
20497
20498
20499
20500
20501
19902
19903
19904
19905
19306
19307
19308
19309
19310
18711
18712
18713
18714
18115
18116
18117
15139
15140
15141
14542
14543
14544
14545
14546
13947
13948
13949
13950
13951
13352
13353
13354
13355
12756
12757
12758
12759
12760
12161
12162
12163
12164
11565
11566
11567
11568
11569
10970
10971
10972
10973
10374
10375
10376
10377
10378
9779
9780
9781
9782
9183
9184
9185
9186
9187
8588
8589
8590
8591
7992
7993
7994
7995
7996
7397
7398
7399
7400
6801
6802
6803
6804
6805
6206
6207
6208
6209
5610
5611
5612
5613
5614
5015
5016
5017
5018
4419
4420
4421
4422
4423
3824
3825
3826
3827
3228
3229
3230
3231
3232
2633
2634
2635
2636
2037
2038
2039
2040
2041
1442
1443
1444
1445
1446
847
255
33004
33600
33601
33002
33003
12621
15622
15022
14422
15622
18618
18019
17420
16820
16221
18618
19213
19214
19215
18616
18617
19213
17408
18009
18010
18611
18612
17408
17408
16808
16208
15608
15007
14407
13807
13807
13208
12608
12009
11409
10810
10810
10811
335899
335299
334699
334099
333499
332899
332299
331699
331099
330499
329899
329300
328700
328100
327500
326900
326300
325700
325100
324500
323900
323300
322700
322100
321500
320900
320300
319700
319100
318500
317900
317300
316701
316101
315501
314901
314301
313701
313101
312501
311901
311301
310701
310101
309501
308901
308301
307701
307101
306501
305901
305301
304701
304102
303502
302902
302302
301702
301102
300502
299902
299302
298702
298102
297502
296902
296302
295702
295102
294502
293902
293302
292702
292102
291503
290903
290303
289703
289103
288503
287903
287303
286703
286103
285503
285503
285504
285505
285506
285507
285508
285509
285510
285511
285512
285513
285514
285515
285516
285517
285518
284927
284928
284929
284930
284931
284932
284940
284941
284942
284943
284944
284945
284946
284947
284948
284949
284950
284351
284352
284353
284362
284363
284364
284365
296974
296374
295773
295173
294572
293972
293372
292771
292171
291571
290970
290370
289769
289169
296974
335899
335300
334701
334102
334103
333504
332905
332306
331707
331108
330509
329910
329911
329312
328713
328114
327515
326916
326317
326318
325719
325120
324521
323922
323323
322724
322125
322126
321527
320928
320329
319730
319131
318532
318533
317934
317335
316736
316137
315538
314939
314340
314341
313742
313143
312544
311945
311346
310747
310748
310149
309550
308951
308352
307753
307154
306555
306556
305957
305358
304759
304160
303561
302962
302963
302364
301765
301166
300567
299968
299369
298770
298771
298172
297573
335899
344283
343684
343085
343086
342487
341888
341289
340690
340091
339492
338893
338294
338295
337696
337097
336498
359901
359300
358700
358099
357498
356897
356296
355695
355095
354494
353893
353292
352691
352090
351489
350889
350288
349687
349086
346387
346388
345789
345790
345191
345192
344593
344594
343995
343996
343397
359560
358960
358360
357760
357160
356560
355960
355360
354760
14400
14401
14402
14403
13804
13805
13806
13807
15881
15882
15883
15284
15285
15286
15287
14688
14689
14690
14691
14692
14093
14094
14095
14096
13497
13498
13499
13500
13501
12902
12903
12904
12905
12306
12307
12308
12309
12310
11712
11713
11714
11115
11116
11117
10523
9924
9925
9926
9927
9928
9331
9332
8733
8734
8140
8141
7542
6950
6351
6352
5160
3376
3377
2778
1587
991
992
399
15881
44461
44462
44463
43864
43865
43866
43867
43268
43269
43270
43271
43272
42673
42674
42675
42676
42677
42078
42079
42080
42081
41482
41483
41484
41485
41486
40887
40888
40889
40890
40291
40292
40293
40294
40295
39696
39697
39698
39699
39102
39103
39104
38505
38506
38507
38508
38509
37910
37911
37912
37913
37314
37315
37316
37317
37318
36719
36720
36722
36124
36125
36126
36127
35528
35529
35530
35531
35532
34933
34934
34935
34936
34337
34338
34339
34340
34341
33742
33743
33744
33745
33146
33147
33148
33149
33150
32551
32552
32553
32554
31955
31956
31957
31958
31959
31360
31361
31362
31363
31364
30765
30766
30767
30768
30169
30170
30171
30172
30173
29574
29575
29576
29577
28979
28980
28981
28982
28383
28384
28385
28386
28387
27788
27789
27790
27791
27192
27193
27194
27195
27196
26597
26598
26599
26600
26001
26002
26003
26004
26005
25406
25407
25408
25409
24810
24811
24812
24813
24814
24215
24216
24217
24218
24219
23620
23621
23622
23623
23025
23026
23027
23028
22429
22430
22431
22432
21836
21837
21238
21239
21240
21241
21242
20643
20644
20645
20646
20047
20048
20049
20050
20051
19452
19453
19454
19455
18857
18858
18859
18860
18261
18262
18263
18264
17665
17666
17667
17668
17669
17070
17071
17072
17073
17074
16475
16476
16477
16478
15879
15880
44461
52800
52201
52202
52203
52204
52205
51606
51607
51608
51609
51010
51011
51012
51013
51014
50415
50416
50417
50418
49819
49820
49821
49822
49223
49224
49225
49226
49227
48628
48629
48630
48631
48032
48033
48034
48035
48036
47437
47438
47439
47440
46841
46842
46843
46844
46845
46246
46247
46248
46249
45650
45651
45652
45653
45654
45055
45056
45057
45058
44459
44460
157838
157839
157240
156641
156642
156043
156044
155445
154846
154847
154248
153649
153650
153051
151254
123073
122473
121873
121274
120674
120074
119474
118874
118274
117674
117074
116474
115874
115274
114674
114075
113475
112875
112275
111675
111075
111075
110476
109876
109277
108678
108078
107479
106880
106281
105681
105082
105082
104482
103882
103281
102681
102081
101481
100881
100280
99680
99080
98480
97880
97280
96679
96079
95479
94879
94279
93678
93078
92478
91878
91278
90677
90077
89477
88877
88277
87676
87076
86476
85876
85276
84675
84075
83475
82875
82275
81675
81074
80474
79874
79274
78674
78073
77473
76873
76273
75673
75072
74472
73872
73872
73272
72672
72072
71472
70872
70272
69672
69073
68473
67873
67273
66673
66073
65473
64873
64873
64273
63673
63072
62472
61872
61272
60672
60072
59471
58871
58271
57671
57071
56471
55870
55270
54670
50462
51063
51664
52265
52266
52867
53468
54069
50462
50462
49862
49262
48662
48062
47462
46861
46261
45661
45061
44461
196621
196021
195421
194821
172619
172019
171419
170819
170219
169619
169018
168418
167818
167218
166618
166018
165418
164818
164218
163618
163018
162418
161818
161818
161218
160618
160018
159418
158818
158218
157618
157017
156417
155817
155217
154617
154017
153417
153417
152817
152217
151616
151016
150416
149816
149216
148615
148015
147415
144409
145010
145611
145612
146213
146814
144409
141403
142004
142605
142606
143207
143808
141403
141403
140802
140202
139601
139001
138400
137799
137199
136598
135998
135397
135397
134797
134197
133597
132997
132397
131797
131197
130597
129998
129398
128798
128198
127598
126998
126398
125798
125198
112576
113177
113778
114379
114980
115581
116182
116783
117384
117985
118586
118587
119188
119789
120390
120991
121592
122193
122794
123395
123996
124597
112576
121135
120536
120537
119938
119339
118740
118741
118142
117543
117544
116945
116346
116347
115748
115149
114550
114551
107355
106755
106156
105556
104956
104357
103757
103157
102557
101958
101358
101358
101359
101360
101361
101362
101363
101364
101365
101366
101367
101368
101369
101370
101371
101372
101373
101374
101375
101376
101377
101378
101379
101380
101381
101382
101383
101384
101385
101386
101387
101388
101389
100790
100791
100792
100793
100794
100795
100796
100797
100798
100799
53954
53955
53956
53957
53958
53959
53960
53961
53962
53963
53964
53965
53966
53967
53968
53969
53970
53971
53972
53973
53974
53975
53976
53977
53978
53979
53980
53981
53982
53983
53984
53985
53986
53987
53988
53989
53990
53991
53992
53993
53994
53995
53996
53997
53998
53999
296974
296975
296976
297577
297578
357464
356865
356266
355668
355069
56894
56895
56896
56897
56898
56299
56300
56301
56302
56303
56304
56305
56894
64693
64093
63493
62893
62293
61693
61093
60494
59894
59294
58694
58094
57494
64693
64024
64025
64026
64027
64028
64029
64030
64031
64032
64033
64034
64035
64036
64037
64038
64039
64040
64041
64042
64043
64044
64045
64046
64047
64048
64049
64050
64051
64052
64053
64054
64055
64056
64057
64058
64059
64060
64061
64062
64063
64064
64065
64066
64067
64068
64069
64670
64671
64672
64673
64674
64675
64676
64677
64678
64679
64680
64681
64682
64683
64684
64685
64686
64687
64688
64689
64690
64691
64692
125198
124598
123998
123398
122798
122198
121598
120998
120398
119798
119198
118598
117998
117398
116798
116198
115598
114998
114398
113798
113198
112598
111998
111398
110798
110198
109599
108999
108399
107799
107199
106599
105999
105399
104799
104199
103599
102999
102399
101799
101199
100599
99999
99399
98799
98199
97599
96999
96399
95799
95199
94599
93999
93399
92799
92199
91599
90999
90399
89799
89199
88599
87999
87399
86799
86199
85599
84999
84399
83799
83199
82599
81999
81399
80799
80199
79599
78999
78400
77800
77200
76600
76000
75400
74800
74200
73600
73000
72400
71800
71200
70600
70000
69400
68800
68200
67600
67000
66400
65800
65200
64600
64000
125198
359958
359359
358760
358161
357562
356963
356364
355765
355167
354568
353969
353370
352771
352172
351573
350974
350375
349776
349777
349178
348579
347980
347381
346782
346183
345584
344985
344386
343787
343188
343189
342590
341991
341392
340793
230562
229962
229362
228762
228162
227562
226962
226362
225762
225162
224562
223962
223362
198761
198161
197561
196961
196361
195761
195161
194561
193961
193361
192761
192160
191560
190960
340194
338996
338397
337798
337199
340194
161818
161819
161820
161221
161222
161223
161224
161225
160626
160627
160628
160629
160630
160031
160032
160033
160034
160035
160036
159437
159438
159439
159440
159441
158842
158843
158844
158845
158846
158247
158248
158249
158250
158251
157652
157654
157655
157656
157057
157058
157059
157060
157061
157062
156463
156464
156465
156466
156467
155868
155869
155870
155871
155872
155273
155274
155275
155276
155277
154678
154679
154680
154681
154682
154083
154084
154085
154086
154087
153488
153489
153490
153491
153492
153493
152894
152895
152896
152897
152898
152299
152300
152301
152302
152303
151704
151705
151706
151706
151106
150506
149905
149305
148705
148105
147505
146904
146304
145704
145104
144504
143903
143303
142703
142103
141503
140902
140302
139702
139102
138501
137901
137301
136701
136101
135500
134900
134300
133700
133100
132499
131899
144409
144410
144411
143812
143813
143814
143815
143216
143217
143218
143219
142620
142621
142622
142623
142024
142025
142026
142027
141428
141429
141430
141431
140832
140833
140834
140835
140236
140237
140238
140239
139640
139641
139642
139643
139044
139045
139046
139047
138448
138449
138450
138451
137853
137854
137855
137856
137258
137259
137260
136662
136663
136664
136067
136068
135471
135472
134876
134280
144409
141403
141404
140805
140806
140807
140808
140209
140210
140211
140212
139613
139614
139615
139616
139017
139018
139019
138420
138421
138422
138423
137824
137825
137826
137827
137228
137229
137230
137231
136632
136633
136634
136635
136036
136037
136038
135439
135440
135441
135442
134843
134844
134845
134846
134247
134248
134249
134250
133651
133652
133652
133653
133054
133055
133056
132457
132458
132459
132460
131861
131862
131863
131264
131265
131266
130667
130668
130669
130670
130071
130072
130073
129474
129475
129476
128878
128879
128880
128281
128282
128283
127684
127685
127686
127089
127090
126491
126492
126493
125894
125895
112542
112543
112544
112545
112546
112547
112548
112549
112550
112551
112552
112553
112554
112555
112556
112557
112558
112559
112560
112561
112562
112563
112564
112565
112566
112567
112568
112569
112570
112571
112572
112573
112574
112575
112542
112576
111976
111376
110776
110176
109576
108976
108376
107776
107176
106576
105976
105376
104776
104176
103576
102976
102376
101776
101176
100576
99976
99376
98776
98176
97576
96976
96376
95776
95176
94576
93976
93376
92776
92175
91575
90975
90375
89775
89175
88575
87975
87375
86775
86175
85575
84975
84375
83775
83175
82575
81975
81375
80775
80175
79575
78975
78375
77775
77175
76575
75975
75375
74775
74175
73575
72975
72375
72342
72343
72344
72345
72346
72347
72348
72349
72350
72351
72352
72353
72354
72355
72356
72357
72358
72359
72360
72361
72362
72363
72364
72365
72366
72367
72368
72369
72370
72371
72372
72373
72374
72342
112542
111942
111342
110742
110142
109542
108942
108342
107742
107142
106542
105942
105342
104742
104142
103542
102942
102342
101742
101142
100542
99942
99342
89142
88542
87942
87342
86742
86142
85542
84942
84342
83742
83142
82542
81942
81342
80742
80142
79542
78942
78342
77742
77142
76542
75942
75342
74742
74142
73542
72942
112542
125895
125295
124695
124095
123495
122895
133652
133052
132452
131852
131252
130652
130052
129452
128852
128252
127652
127052
126452
125852
125252
124652
124052
123452
122852
122252
121652
121052
120452
119852
119252
118652
118052
117452
116851
116251
115651
115051
114451
113851
113251
112651
112051
111451
110851
110251
109651
109051
108451
107851
107251
106651
106051
105451
104851
104251
103651
103051
102451
101851
127735
127135
126535
125935
125335
124735
124135
123535
122935
122335
121735
121135
125895
125896
125897
125298
125299
125300
125301
125302
124703
124704
124705
124706
124707
124108
124109
124110
124111
124112
123515
123516
123517
122326
122327
121728
121729
121730
121731
121732
121133
121134
125895
20683
20083
19483
18882
18282
17682
17082
16481
20683
24284
23684
23084
21283
24284
49469
48869
48270
47670
47070
46471
45871
45271
44672
44072
43473
42873
42273
41674
41074
40474
39875
39275
38675
38076
37476
36876
36277
35677
35078
34478
33878
33279
32679
32079
31480
30880
30280
29681
29081
28481
27882
27282
26683
26083
25483
24884
49469
256198
256199
256198
