229692
229092
229692
232092
231492
230892
230292
232092
257291
256691
256091
255491
254891
254291
253691
253091
252491
251891
251291
250691
250091
249491
248891
248291
247691
247091
246491
245891
245291
244691
244092
243492
242892
242292
241692
241092
240492
239892
239292
238692
238092
237492
236892
236292
235692
235092
234492
233892
233292
232692
257291
317287
316687
316087
315487
314887
314287
313687
313087
312487
311887
311287
310687
310087
309488
308888
308288
307688
307088
306488
305888
305288
304688
304088
303488
302888
302288
301688
301088
300488
299888
299288
298688
298088
297488
296888
296288
295688
295088
294489
293889
293289
292689
292089
291489
290889
290289
289689
289089
288489
287889
287289
286689
286089
285489
284889
284289
283689
283089
282489
281889
281289
280689
280089
279490
278890
278290
277690
277090
276490
275890
265090
264491
263891
263291
262691
262091
261491
260891
260291
259691
259091
258491
257891
317287
355683
355083
354483
353883
353283
352683
352083
351483
350883
350284
349684
349084
348484
347884
347284
346684
346084
345484
344884
344284
343684
343084
342484
341884
341284
340685
340085
339485
338885
338285
337685
337085
336485
335885
335285
334685
334085
333485
332885
332285
331685
331086
330486
329886
329286
328686
328086
327486
326886
326286
325686
325086
324486
323886
323286
322686
322086
321487
320887
320287
319687
319087
318487
317887
355683
359883
359283
358683
358083
357483
356883
356283
194253
193653
193052
192452
191852
191252
190651
190051
189451
188851
188250
187650
187050
186449
185849
185249
184649
184048
183448
182848
182248
181647
181047
180447
179846
179246
178646
178046
177445
176845
176245
175645
175044
174444
173844
173243
172643
172043
171443
170842
170242
169642
169042
168441
167841
167241
166640
166040
165440
164840
164239
163639
163039
162439
161838
194253
205666
205065
204465
203864
203263
202663
202062
201461
200861
200260
199659
199058
198458
197857
197256
196656
196055
195454
194854
205666
218281
217680
217080
216479
215878
215277
214677
214076
213475
212875
212274
211673
211072
210472
209871
209270
208670
208069
207468
206867
206267
218281
228492
227891
227291
226690
226089
225489
224888
224287
223687
223086
222486
221885
221284
220684
220083
219482
218882
228492
228492
228493
228494
228495
228496
228497
228498
228499
228500
228501
228502
227903
227904
227905
227906
227907
227908
227909
227910
227911
227912
227913
227914
227915
227916
227917
227918
227919
227920
227921
227922
227923
227924
227325
227326
227327
227328
227329
227330
227331
227332
227333
227334
227335
227335
227336
227337
227338
226739
226740
226741
226742
226743
226744
226745
226146
226147
226148
226149
226149
226150
226151
226152
225553
225554
225555
225556
225557
225558
224959
224960
224961
224962
224963
224964
224365
224366
224367
224368
224369
224370
223771
223772
223773
223774
223775
223776
223177
223178
223179
223180
223181
223182
222583
222584
222585
222586
222587
222588
221989
221990
221991
221991
221992
221993
221994
221395
221396
221397
221398
221399
228492
227892
227292
226692
226092
225492
224892
224292
223692
223092
222492
221892
221292
220692
220092
219492
218893
218293
217693
217093
216493
215893
215293
214693
214093
213493
212893
212293
211693
211093
210493
209893
209293
208693
208093
207493
206893
206293
205693
205093
204493
203893
203293
202693
202093
201493
200893
200294
199694
199094
198494
197894
197294
196694
196094
195494
194894
194294
193694
193094
192494
191894
191294
190694
190094
189494
188894
188294
187694
187094
186494
185894
185294
184694
184094
183494
182894
182295
181695
181095
180495
179895
179295
178695
178095
177495
176895
176295
175695
175095
174495
173895
173295
173295
172695
172095
171495
170894
170294
169694
169094
168494
167894
167294
166694
166093
165493
164893
164293
163693
163093
162493
161892
161292
160692
160092
159492
158892
158292
157691
157091
156491
155891
155291
154691
154091
153491
152890
152290
151690
151090
150490
149890
149290
148689
148089
147489
146889
146289
145689
145089
144488
143888
143288
142688
142088
141488
140888
140288
139687
139087
138487
137887
137287
136687
136087
135486
134886
134286
133686
318436
318437
318438
318439
318440
318441
318442
318443
318444
318445
318446
318447
318448
317849
317850
317851
317852
317853
317854
317855
317856
317857
317858
317859
317860
317861
317862
317863
317864
317865
317866
317867
317868
317869
317870
317871
317872
317873
317874
317275
317276
317277
317278
317279
317280
317281
317282
317283
317284
317285
317286
318436
320155
320156
320157
320158
320159
320160
320161
320162
320163
320164
319578
319579
319580
319581
319582
319583
319587
319588
319589
319590
319591
319592
319593
319594
319595
318996
318997
318998
318999
319000
319001
319002
319003
319004
319005
319006
319007
319008
319009
319010
319011
319012
319013
319014
319015
319016
319017
319018
319019
319020
319021
319022
318423
318424
318425
318426
318427
318428
318429
318430
318431
318432
318433
318434
318435
320155
309322
309923
309924
310525
310526
311127
311128
311729
311730
312331
312332
312933
313534
313535
314136
314137
314738
314739
315340
315341
315942
315943
316544
317145
317146
317747
317748
318349
318350
318951
318952
319553
319554
309322
295470
295471
296072
296073
296674
296675
297276
297277
297878
297879
297880
298481
298482
299083
299084
299685
299686
300287
300288
300289
300890
300891
301492
301493
302094
302095
302096
302697
302698
303299
303300
303901
303902
304503
304504
304505
305106
305107
305708
305709
306310
306912
308117
308118
308719
308720
309321
295470
297844
297845
297846
297847
297248
297249
297250
297251
297252
297253
296654
296655
296656
296657
296658
296659
296660
296061
296062
296063
296064
296065
296066
295467
295468
295469
297844
303198
303199
303200
302601
302602
302603
302604
302605
302006
302007
302008
302009
302010
301411
301412
301413
301414
301415
300816
300817
300818
300819
300820
300821
300222
300223
300224
300225
300226
299627
299628
299629
299630
299631
299032
299033
299034
299035
299036
298437
298438
298439
298440
298441
297842
297843
303198
312753
312754
312155
312156
312157
311558
311559
311560
310961
310962
310363
310364
310365
309768
309169
309170
309171
308572
308573
308574
307975
307976
307377
307378
307379
303796
303197
312753
324110
324111
323512
323513
322914
322915
322316
322317
321718
321719
321720
321121
321122
320523
320524
319925
319926
319327
319328
319329
318730
318731
318132
318133
317534
317535
317536
316937
316938
316339
316340
315741
315742
315143
315144
315145
314546
314547
313948
313949
313350
313351
312752
324110
331896
331297
330698
330099
329500
328901
328302
328303
327704
327105
326506
325907
325308
324709
331896
174000
174001
174002
173403
173404
173405
173406
172807
172808
172809
172810
172811
172212
172213
172214
172215
171616
171617
171618
171619
171020
171021
171022
171023
170424
170425
170426
170427
170428
169829
169830
169831
169832
169233
169234
169235
169236
168637
168638
168639
168640
168641
168042
168043
168044
168045
167446
167447
167448
167449
166850
166851
166852
166853
166254
166255
166256
166257
166258
165659
165660
165661
165662
165063
165064
165065
165066
164467
164468
164469
164470
164471
163872
163873
163874
163875
163276
163277
163278
163279
162680
162681
162682
162683
162084
162085
162086
162086
162087
162088
161489
161490
161491
161492
160893
160894
160895
160896
160897
160298
160299
160300
160301
160302
159703
159704
159705
159706
159107
159108
159109
159110
159111
158512
158513
158514
158515
157916
157917
157918
157919
157920
157321
157322
157323
157324
157325
156726
156727
156728
156729
156130
156131
156132
156132
156133
156134
155535
155536
155537
155538
154939
154940
154941
154942
154943
154344
154345
154346
154347
153748
153749
153750
153751
153752
153153
153154
153155
153156
152557
152558
152559
152560
152561
151962
151963
151964
151965
151366
151367
151368
151369
151370
150771
150772
150773
150774
150175
150176
150177
150178
150179
149580
149581
149582
149583
148984
148985
148986
148987
148988
148389
148390
148391
148392
147793
147794
147795
147796
147197
147198
147199
147200
147201
146602
146603
146604
146605
146006
146007
146008
146009
146010
145411
145412
145413
145414
144815
144816
144817
144818
144819
144220
144221
144222
144223
143624
143625
143626
143627
143628
143029
143030
143031
143032
142433
142434
142435
142436
142437
141838
141839
141840
141841
141242
141243
141244
72822
72221
71621
71020
70420
69819
69219
68618
68018
67417
66817
66216
65616
65015
64415
63814
63214
62613
62013
61412
60812
60211
59611
59010
39724
39725
40326
40327
40328
40929
40930
41531
41532
41533
42134
42135
42136
42737
42738
43339
43340
43341
43942
43943
43944
44545
44546
45147
45148
45149
45750
45751
45752
46353
46354
46955
46956
46957
47558
47559
47560
48161
48162
48763
48764
48765
49366
49367
49368
49969
49970
49971
50572
50573
51174
51175
51176
51777
51778
51779
52380
52381
52982
52983
52984
53585
53586
53587
54188
54189
54790
54791
54792
55393
55394
55395
55996
55997
56598
56599
56600
57201
57202
57203
57804
57805
58406
58407
58408
59009
39724
20439
20440
21041
21042
21643
21644
21645
22246
22247
22248
22849
22850
23451
23452
23453
24054
24055
24056
24657
24658
25259
25260
25261
25862
25863
25864
26465
26466
27067
27068
27069
27670
27671
27672
28273
28274
28875
28876
28877
29478
29479
29480
30081
30082
30683
30684
30685
31286
31287
31288
31889
31890
32491
32492
32493
33094
33095
33096
33697
33698
34299
34300
34301
34902
34903
34904
35505
35506
36107
36108
36109
36710
36711
36712
37313
37314
37915
37916
37917
38518
38519
38520
39121
39122
39723
20439
12002
12603
12604
12605
13206
13207
13808
13809
13810
14411
15014
15015
15616
15617
15618
16219
16220
16221
16822
16823
16824
17425
17426
18027
18028
18029
18630
18631
18632
19233
19234
19835
19836
19837
20438
78465
77865
77265
76664
76064
75464
74864
74264
73663
73063
72463
71863
71263
70662
70062
69462
68862
68262
67661
67061
66461
65861
65261
64660
64060
63460
62860
62260
61659
61059
60459
59859
59259
58658
58058
57458
56858
56258
55657
55057
54457
53857
53257
52656
52056
51456
50856
50256
49655
49055
48455
47855
47255
46654
46054
45454
44854
44254
43653
43053
42453
41853
41253
40652
40052
39452
38852
38252
37651
37051
36451
35851
35251
34650
34050
33450
32850
32250
31649
31049
30449
29849
29248
28648
28048
27448
26848
26247
25647
25047
24447
23847
23246
22646
22046
21446
20846
20245
19645
19045
18445
17845
17244
16644
16044
15444
14844
14243
13643
13043
12443
11843
11242
10642
10042
9442
8842
8241
7641
7041
6441
5841
5240
4640
4040
3440
2840
2239
1639
1039
439
227264
227265
227266
227267
227268
227269
227270
227271
227872
227873
227874
227875
227876
227877
227878
227879
227880
227881
227882
227883
227884
227885
228486
228487
228488
228489
228490
228491
227264
226650
226651
226652
226653
226654
226655
226656
227257
227258
227259
227260
227261
227262
227263
227238
227239
227240
227241
227242
226643
226644
229618
229619
229620
229021
229022
229023
229024
228425
228426
228427
228428
228429
227830
227831
227832
227833
227234
227235
229618
233201
233202
232603
232604
232605
232006
232007
232008
231409
231410
230811
230812
230813
230214
230215
230216
229617
233201
254703
254704
254105
254106
254107
253508
253509
252910
252911
252912
252313
252314
252315
251716
251717
251118
251119
251120
250521
250522
250523
249924
249925
249926
249327
249328
248729
248730
248731
248132
248133
248134
247535
247536
247537
246938
246939
246340
246341
246342
245743
245744
245745
245146
245147
244548
244549
244550
243951
243952
243953
243354
243355
243356
242757
242758
242159
242160
242161
241562
241563
241564
240965
240966
240367
240368
240369
239770
239771
239772
239173
239174
239175
238576
238577
237978
237979
237980
237381
237382
237383
236784
236785
236786
236187
236188
235589
235590
235591
234992
234993
234994
234395
234396
233797
233798
233799
233200
254703
255897
255898
255299
255300
255301
254702
255897
278594
278595
277996
277997
277998
277399
277400
276801
276802
276803
276204
276205
276206
275607
275608
275009
275010
275011
274412
274413
274414
273815
273816
273817
273218
273219
272620
272621
272622
272023
272024
272025
271426
271427
270828
270829
270830
270231
270232
270233
269634
269635
269636
269037
269038
268439
268440
268441
267842
267843
267844
267245
267246
266647
266648
266649
266050
266051
266052
265453
265454
264855
264856
264857
264258
264259
264260
263661
263662
263663
263064
263065
262466
262467
262468
261869
261870
261871
261272
261273
260674
260675
260676
260077
260078
260079
259480
259481
259482
258883
258884
258285
258286
258287
257688
257689
257690
257091
257092
256493
256494
256495
255896
278594
286961
286962
286363
286364
285765
285766
285167
285168
285169
284570
284571
283972
283973
283374
283375
283376
282777
282778
282179
282180
282181
281582
281583
280984
280985
280386
280387
280388
279789
279790
279191
279192
278593
286961
295932
295333
295334
294735
294736
294137
294138
293539
293540
292941
292942
292343
292344
291745
291746
291147
291148
290549
290550
289951
289952
289353
289354
288755
288756
288157
288158
287559
287560
295932
309692
309093
309094
308495
308496
307897
307898
307299
306700
306701
306102
306103
305504
305505
304906
304307
304308
303709
303710
303111
303112
302513
301914
301915
301316
301317
300718
300119
300120
299521
299522
298923
298924
298325
297726
297727
297128
297129
296530
296531
309692
327653
327054
326455
326456
325857
325258
324659
324660
324061
323462
322863
322864
322265
321666
321067
320468
320469
319870
319271
318672
318673
318074
317475
316876
316877
316278
315679
315080
314481
314482
313883
313284
312685
312686
312087
311488
310889
310890
310291
327653
356400
355801
355202
354603
354004
353405
352806
352807
352208
351609
351010
350411
349812
349213
348614
348015
347416
346817
346818
346219
345620
345021
344422
343823
343224
342625
342026
341427
341428
340829
340230
339631
339032
338433
337834
337235
336636
336037
336038
335439
334840
334241
333642
333043
332444
331845
331246
330647
330648
330049
329450
328851
328252
329149
328549
327950
327350
326751
326151
325551
324952
324352
323753
323153
322553
321954
321354
320755
329149
340555
339955
339354
338754
338154
337553
336953
336353
335752
335152
334552
333952
333351
332751
332151
331550
330950
330350
329749
340555
357965
357365
356764
356164
355564
354963
354363
353763
353162
352562
351962
351361
350761
350161
349560
348960
348359
347759
347159
346558
345958
345358
344757
344157
343557
342956
342356
341756
341155
357965
359766
359166
358565
166632
166033
165433
164834
164235
163635
163036
162437
161837
166632
172023
171424
170825
170226
169627
169028
168429
167830
167231
172023
176209
176210
175611
175612
175013
175014
174415
174416
173817
173818
173219
173220
172621
172622
176209
188116
188117
188118
187519
187520
187521
187522
186923
186924
186925
186926
186927
186328
186329
186330
186331
186332
185733
185734
185735
185736
185137
185138
185139
185140
185141
184542
184543
184544
184545
184546
183947
183948
183949
183950
183351
183352
183353
183354
183355
182756
182757
182758
182759
182760
182161
182162
182163
182164
181565
181566
181567
181568
181569
180970
180971
180972
180973
180974
180375
180376
180377
180378
179779
179780
179781
179782
179783
179184
179185
179186
179187
179188
178589
178590
178591
178592
177993
177994
177995
177996
177997
177398
177399
177400
177401
177402
176803
176804
176805
176806
176207
176208
188116
191692
191693
191694
191095
191096
191097
191098
190499
190500
190501
190502
189903
189904
189905
189906
189307
189308
189309
189310
188711
188712
188713
188714
188115
191692
233001
232402
231803
231204
231205
230606
230007
228210
227611
227612
227013
226414
225815
225216
224617
224018
224019
223420
222821
222222
221623
221024
220425
220426
219827
219228
218629
218030
217431
216832
216833
216234
215635
215036
214437
213838
213239
213240
212641
212042
211443
210844
210245
209646
209647
209048
208449
207850
207251
206652
206053
206054
205455
204856
204257
203658
203059
202460
202461
201862
201263
233001
238391
236594
235995
235996
235397
234798
234199
233600
238391
359587
358988
358388
357789
357789
357190
356590
344001
343402
342803
342203
341604
341004
340405
339805
339206
338606
338007
337407
336808
336208
335609
335609
335009
334410
333810
333211
332611
332012
331412
330813
330213
329614
329014
328415
327815
327216
326616
326017
325417
324818
322420
321820
321820
321221
320621
320022
319422
318823
318224
317624
317025
316425
315826
315227
314627
314028
313428
312829
312230
311630
311031
310431
309832
309233
308633
308034
307434
306835
306236
305636
305037
304437
303838
303239
302639
302040
301440
300841
300242
299642
299043
298443
297844
297844
297245
296646
296047
295448
294849
286463
285864
285265
284666
284067
283468
282869
282270
281671
281072
280472
279873
279274
278675
278076
277477
276878
276279
275680
275081
274482
273883
273284
272685
272086
271487
270888
270289
269690
269091
268492
267893
267294
266695
266096
265497
264898
264299
263700
289234
288633
288033
287432
286831
286230
285630
285029
284428
283828
283227
282626
282025
281425
280824
280223
279623
279022
278421
277820
277220
276619
276018
275418
274817
274216
273615
273015
272414
271813
271213
270612
270011
269410
268810
268209
267608
267008
266407
265806
265205
264605
264004
263403
262803
262202
261601
261000
260400
289234
307858
306656
306056
305455
304854
304253
303653
303052
302451
301850
301249
300649
300048
299447
298846
298246
297645
297044
296443
295843
295242
294641
294040
293439
292839
292238
291637
291036
290436
289835
307858
198896
198296
197695
197095
196495
195894
195294
194694
194093
193493
192893
192292
198896
201897
201297
200697
200097
228311
227711
227110
226510
225910
225309
224709
224109
223508
222908
222308
221707
221107
220507
219906
219306
218706
218106
217505
216905
216305
215704
215104
214504
213903
228311
245121
243920
243320
242119
241519
240919
240318
239718
239117
238517
237917
237316
236716
236116
235515
234915
234315
233714
233114
232514
231913
231313
230712
230112
229512
228911
245121
232505
231906
231307
230708
230108
229509
228910
246292
245692
245093
246292
250495
248093
247493
246892
250495
253496
252896
252296
251695
251095
253496
255897
255297
254697
254096
255897
257698
257098
256497
257698
263700
263100
262500
261899
261299
260699
260099
259499
258898
258298
263700
250495
250496
249897
249898
249899
249300
249301
249302
248703
248704
248705
248106
248107
248108
247509
247510
246912
246913
246315
246316
245717
245718
245719
245120
245121
245121
245122
244523
244524
243926
243927
243328
243329
243330
242731
242732
242733
242134
242135
242136
241537
241538
240940
240941
240343
240344
239745
239746
239747
239148
239149
238550
238551
238552
237953
237954
237955
237356
237357
237358
236759
236760
236162
236163
235565
235566
234968
234969
234370
234371
233773
233774
233176
233177
232579
232580
231982
231384
231385
230787
230788
230190
230191
229593
228996
141244
140644
140044
139443
138843
138243
137643
137043
136442
135842
135242
134642
134042
133441
132841
132241
131641
131041
130441
129840
129240
128640
128040
127440
126839
126239
125639
125039
124439
123838
123238
122638
122038
121438
120837
120237
119637
119037
118437
117836
117236
116636
116036
115436
114836
109434
108834
108233
107633
107033
106433
105833
105232
104632
104032
103432
102832
102231
101631
101031
100431
99831
99230
98630
98030
97430
96830
96230
95629
95029
94429
93829
93229
92628
92028
91428
90828
90228
89627
89027
88427
87827
87227
86626
86026
85426
84826
84226
83625
83025
82425
81825
81225
80625
80024
79424
78824
78224
77624
77023
76423
75823
75223
74623
74022
73422
141244
200664
200064
199464
198863
198263
197663
197063
196463
195862
195262
194662
194062
179057
178457
177856
177256
176656
176056
175456
174855
174255
173655
173055
172455
159250
158650
158050
157449
156849
156249
152648
143645
143045
142444
141844
200664
324110
323509
322908
322308
321707
321106
320505
319904
319304
318703
318102
317501
316900
316300
315699
315098
315098
314497
313897
313296
312695
312095
311494
310893
310293
309692
309692
309091
308490
307889
307289
306688
306087
305486
304885
304885
304284
303683
302482
301881
301280
300679
300078
299478
298877
298276
83812
83212
82612
82012
81412
80812
80211
79611
79011
78411
77811
77211
76611
76011
75411
74811
74211
73610
73010
72410
71810
71210
70610
70010
69410
68810
68210
67610
67009
66409
65809
65209
64609
64009
63409
62809
62209
61609
61009
60408
59808
59208
58608
58008
57408
56808
56208
55608
55008
54408
53807
53207
52607
52007
51407
83812
109619
109019
108419
107819
107218
106618
106018
105418
104818
104218
103617
103017
102417
101817
101217
100617
100016
99416
98816
98216
97616
97016
96415
95815
95215
94615
94015
93415
92814
92214
91614
91014
90414
89814
89213
88613
88013
87413
86813
86213
85612
85012
84412
109619
144434
143834
143233
142633
142033
141433
140832
140232
139632
139032
138431
137831
137231
136631
136030
135430
134830
134230
133629
133029
132429
131829
131228
130628
130028
129428
128827
128227
127627
127027
126426
125826
125226
124625
124025
123425
122825
122224
121624
121024
120424
119823
119223
118623
118023
117422
116822
116222
115622
115021
114421
113821
113221
112620
112020
111420
110820
110219
144434
156439
155839
155239
154638
154038
153438
152838
152237
151637
151037
150437
149836
149236
148636
148036
147435
146835
146235
145635
145034
156439
161238
160638
160038
159438
158838
158239
157639
157039
161238
72822
72823
72824
72225
72226
72227
72228
72229
71630
71631
71632
71633
71634
71035
71036
71037
71038
71039
70440
70441
70442
70443
70444
69845
69846
69847
69848
69849
69250
69251
69252
69253
69254
69255
68656
68657
68658
68659
68660
66280
65681
65682
65683
65684
65685
65086
65087
65088
65089
65090
64491
64492
64493
64494
64495
63896
63897
63898
63899
63900
63301
63302
63303
63304
63305
62706
62707
62708
62709
62710
62711
62112
62113
62114
62115
62116
61517
61518
61519
59735
59736
59137
59138
59139
59140
59141
58542
58543
58544
58545
58546
57947
57948
57949
57950
57951
57354
57355
57356
56757
56758
56759
56760
56761
56162
56163
56164
56165
56166
56167
55568
55569
55570
55571
55572
54973
54974
54975
54976
54977
54378
54379
54380
54381
54382
53783
53784
53785
53786
53787
53188
53189
53190
53191
53192
52593
52594
52595
52595
52596
52597
51999
52000
52000
52001
51402
51403
51404
51405
50806
50807
228399
227801
227802
227204
222427
222428
221829
221830
219447
219448
219449
219450
219451
218852
218853
218854
218855
218856
218857
218858
218859
218860
218861
218862
218868
218869
218870
218871
218872
218873
218874
218875
218876
218877
218877
218878
218879
218280
218281
251735
251736
251137
251138
251139
250540
250541
249942
249943
249944
249345
249346
249347
248748
248749
248750
248151
248152
247553
247554
247555
246956
246957
246958
246359
246360
246361
245762
245763
245164
245165
245166
244567
244568
244569
243970
243971
243972
243373
243374
243375
242776
242777
242178
242179
242180
241581
241582
241583
240984
240985
240986
240387
240388
239789
239790
239791
239192
239193
239194
238595
238596
238597
237998
237999
237400
237401
237402
236803
251735
258904
258905
258306
258307
257708
257709
257710
257111
257112
257113
256514
256515
255916
255917
255918
255319
255320
254721
254722
254723
254124
254125
253526
253527
253528
252929
252930
252931
252332
252333
251734
258904
98326
98327
98328
97730
97731
97732
97733
97734
97135
97136
97137
97138
97139
96540
96541
96542
96543
96544
95945
95949
95950
95354
95355
94759
94760
94761
94162
94163
94164
94165
94166
93567
93568
93569
93570
93571
92972
92973
92974
92975
92976
92977
92378
92379
92380
92380
92381
92382
91783
91784
91785
91786
91787
91788
91189
158817
159418
160019
160620
160621
161222
161823
162424
163025
163626
164227
164828
164829
165430
166031
158817
161190
161191
161192
161193
160594
160595
160596
160597
160598
160599
160600
160001
160002
160003
160004
160005
160006
159407
159408
159409
159410
159411
159412
159413
158814
158815
158816
161190
164163
164164
164165
163566
163567
163568
163569
163570
163571
162972
162973
162974
162975
162976
162377
162378
162379
162380
162381
161782
161783
161784
161785
161786
161787
161188
161189
164163
162338
162339
162340
161741
161742
161743
161744
161745
161746
161147
161148
161149
161150
161151
160552
160553
160554
160555
160556
159957
159958
159959
159960
159961
159962
159363
159364
159365
159366
159367
158768
158769
162338
164721
164722
164723
164124
164125
164126
164127
163528
163529
163530
163531
162932
162933
162934
162935
162336
162337
164721
176716
176116
175516
174917
174317
173717
173117
172518
171918
171318
170718
170119
169519
168919
168319
167720
167120
166520
165920
165321
176716
188116
187516
186916
186316
185716
185116
184516
183916
183316
182716
182116
181516
180916
180316
179716
179116
178516
177916
177316
188116
263700
263701
263102
263103
263104
262505
262506
262507
261908
261909
261310
261311
261312
260713
260714
260715
260116
260117
260118
259519
259520
259521
258922
258923
258924
258325
258326
258327
257728
257729
257130
257131
257132
256533
256534
256535
255936
255937
255937
255938
255339
255340
255341
254742
254743
254144
245185
245186
244587
244588
244589
243990
243991
243992
243393
243394
243395
242796
242797
242198
242199
242200
241601
241602
241603
241004
241005
240406
240407
240408
239809
239810
239811
239212
239213
238017
237420
236823
236824
236225
236226
236227
235628
235629
235630
235031
235032
234433
234434
234435
233836
233837
233838
233239
233240
232641
232642
232643
232044
232045
232045
232046
232047
232048
232049
232050
232051
232052
232053
232054
232055
232056
232057
232058
232059
232060
232061
232062
232063
232064
232064
232065
232066
232067
232068
232069
232070
232071
232072
232073
232074
232075
232076
232077
232078
232079
232080
232081
232082
232083
232084
232085
232086
232087
232088
232089
232090
232091
232092
50232
49632
49032
48431
47831
47231
46631
46030
45430
44830
44230
43630
43029
42429
41829
41229
40628
40028
39428
38828
38228
37627
37027
36427
35827
35226
34626
34026
33426
32826
32225
31625
31025
30425
29824
29224
28624
28024
27424
26823
26223
25623
25023
24422
23822
23222
22622
22022
21421
20821
20221
19621
19021
18420
17820
17220
16620
16019
15419
14819
14219
13619
13018
12418
11818
11218
10617
10017
9417
8817
8217
7616
7016
6416
5816
5215
4615
4015
3415
2815
2214
1614
1014
414
50232
81442
80842
80242
79641
79041
78441
77841
77241
76640
76040
75440
74840
74240
73640
73039
72439
71839
71239
70639
70038
69438
68838
68238
67638
67037
66437
65837
65237
64637
64036
63436
62836
62236
61636
61035
60435
59835
59235
58635
58035
57434
56834
56234
55634
55034
54433
53833
53233
52633
52033
51432
50832
81442
81442
81443
81444
80845
80846
80847
80848
80251
80252
79654
79658
79059
79060
79061
79062
78463
78464
78465
104400
104401
104402
104403
104404
104405
104406
104407
104408
104409
104410
104411
104412
104413
104414
104415
104416
104417
104418
104419
104420
104420
103820
103220
102620
102020
101420
100820
100220
99620
99020
98420
97820
97220
96620
96020
95420
94820
94220
93620
93020
92420
91820
91220
90620
90020
89420
88820
88220
87620
87020
86420
85820
85220
84620
84020
83420
82820
82220
81620
81020
80420
79820
79220
78620
78020
77420
76820
76220
75620
75020
74420
73820
60020
59420
58820
58220
57620
57020
57020
56420
55821
55221
54621
54022
53422
52822
52222
51623
51023
50423
43827
43227
42627
42028
41428
40828
24637
24037
23437
22838
22238
21638
21039
57020
57000
57001
57002
57003
57004
57005
57006
57007
57008
57009
57010
57011
57012
57013
57014
57015
57016
57017
57018
57019
359408
358809
358210
357611
357012
356413
355814
355215
354616
354017
354018
353419
352820
352221
351622
351023
350424
349825
349226
348627
348028
348029
347430
346831
346232
345633
345034
344435
343836
343237
342638
342039
341440
341441
340842
340243
339644
339045
338446
337847
337248
336649
336050
335451
334852
334853
334254
333655
333056
332457
331858
331858
331259
325872
325873
325274
324675
317493
316894
316295
315696
315697
315098
315098
314499
314500
313901
313902
313303
313304
312705
312106
312107
311508
311509
310910
310911
310312
309713
309714
309115
309116
308517
308518
307919
307320
307321
306722
306723
306124
305525
305526
304927
304928
304329
304330
303731
303132
303133
302534
302535
301936
301937
301338
301338
301339
300740
300741
300142
300143
299544
298348
297750
297751
297152
297153
297154
296555
296556
295957
295958
295359
295360
294761
294762
294163
294164
293565
293566
293567
292968
292969
292370
292371
291772
291773
291174
291175
290576
290577
289978
289979
289380
289381
289381
289382
288783
288784
288785
288186
288187
287588
287589
287590
286991
286992
286993
286394
286395
286396
285797
285798
285199
285200
285201
284602
284603
284604
284005
284006
284007
283408
283409
283410
282811
282812
282213
282214
282215
281616
281617
281618
281019
281020
281021
280422
280423
279824
279825
279826
279227
279228
279229
278630
278631
278632
278033
278034
277435
277436
277437
276838
276839
276241
275644
275645
275646
275047
275048
274449
274450
274451
273852
273853
273854
273255
273256
273257
272658
272659
272060
272061
272062
271463
271464
271465
270866
270867
270868
270269
270270
269671
269672
269673
269074
269075
269076
268477
268478
268479
267880
267881
267882
267283
267284
266685
266686
266687
266088
266089
266090
265491
265492
265493
264894
264895
264296
264297
264298
263699
263700
110807
110808
110809
110810
110211
110212
110213
110214
110215
110216
109617
109618
109619
109619
109620
109621
109622
109023
109024
109025
109026
109027
109028
109029
109030
108431
108432
108433
108434
108434
108435
108436
107837
106061
106062
106063
105464
105465
105466
105467
104868
104869
104870
104871
104272
104273
104274
104274
104275
104276
103677
103678
103679
103680
103681
103082
103083
103084
103085
103086
103087
102488
102489
102490
102491
102492
101893
101894
101895
101896
101897
101298
101299
101300
101301
101302
100703
100704
100705
100706
100707
100108
100109
100110
100111
100112
100113
99514
99515
99516
99517
99518
98919
98920
98921
98922
98923
98324
98325
98326
106061
104274
103674
103074
102473
101873
101273
100673
100073
99472
98872
98272
97672
97071
96471
95871
95271
94671
94070
93470
92870
92270
91670
91069
90469
89869
89269
88669
88068
87468
86868
86268
85668
85067
84467
83867
83267
82666
82066
81466
80866
80266
79665
79065
104274
133686
133086
132486
131885
131285
130685
130085
129484
128884
128284
127684
127083
126483
125883
125283
124682
124082
123482
122882
122281
121681
121081
120481
119880
119280
118680
118080
117479
116879
116279
115679
115078
114478
113878
113278
112677
112077
111477
110877
110276
109676
109076
108476
107875
107275
106675
106075
105474
104874
133686
334635
334035
333435
332835
332235
331635
325635
325035
323836
323236
322636
322036
321436
320836
320236
319636
319036
359833
321820
322421
322422
323023
323024
323625
323626
324227
324228
324829
325430
325431
326032
330847
330848
331449
331450
332051
332052
332653
332654
333255
333255
333856
334457
335058
335659
336260
336861
351279
350678
350078
349477
348877
348276
347675
347075
346474
345873
345273
344672
351279
354883
354282
353682
353081
352480
351880
354883
354883
320155
319555
318955
318355
317754
317154
316554
315954
315354
314754
314153
313553
312953
312353
311753
311153
310552
309952
309352
308752
308152
307552
306351
305751
305151
304551
303951
303350
302750
302150
301550
300950
300350
299749
299149
298549
297949
297349
296749
296148
295548
294948
294348
293748
293148
292547
291947
291347
290747
290147
289547
288946
288346
287746
287146
286546
285946
285345
284745
284145
283545
282945
282345
281744
281144
280544
279944
279344
278744
278143
277543
276943
276343
275743
275143
274542
273942
273342
320155
272742
272142
271542
270941
270341
269741
269141
268541
267941
267340
266740
266140
265540
264940
264340
263739
263139
262539
261939
260738
260138
259538
258938
258338
257738
257137
256537
255937
255937
255337
254736
254136
253536
252936
252335
251735
340555
340556
340557
340558
340559
340560
340561
340562
340563
340564
340565
340566
340567
340568
340569
340570
340571
340572
340573
340574
340575
340576
340577
340578
340579
340580
340581
340582
340583
340584
340585
340586
340587
340588
340589
340590
340591
340592
340593
340594
340595
340596
340597
340598
340599
340600
340601
340602
340603
340604
340605
340606
340607
340608
340609
340610
340611
340612
340613
340614
340615
340616
340617
153556
153557
153558
154159
161373
194983
194383
193783
193182
192582
191982
191382
190782
190182
189581
188981
188381
187781
187181
186581
185980
185380
184780
184180
183580
182979
182379
181779
181179
180579
179979
179378
178778
178178
177578
176978
176377
175777
175177
174577
173977
172776
172176
171576
170976
170376
169776
169175
168575
167975
167375
166775
166174
165574
164974
164374
163774
163174
162573
161973
194983
196784
196183
195583
221991
221391
220791
220190
219590
218990
218390
217790
217190
216589
215989
215389
214789
214189
213589
212988
212388
221991
22597
21997
21396
20796
20196
19595
18995
18395
17795
17194
16594
15994
15393
14793
14193
13592
12992
12392
11792
11191
10591
9991
9390
8790
8190
7589
6989
6389
5788
5188
3988
3387
2787
2187
1586
986
386
22597
34602
34002
33402
32801
32201
31601
31001
30400
29800
29200
28600
27999
27399
26799
26199
25598
24998
24398
23798
23197
34602
50807
50207
49607
49006
48406
47806
47206
46606
46006
45405
44805
44205
43605
43005
42404
41804
41204
40604
40004
39403
38803
38203
37603
37003
36403
35802
35202
50807
91724
91725
91726
90533
98382
98383
98384
97785
97786
97787
97788
97789
97790
97191
97192
97193
97194
97195
96596
96597
96598
96599
98382
104928
104929
104930
104331
104332
104333
104334
104335
103736
103737
103738
103739
103740
103141
103142
103143
103144
103145
102546
102547
102548
102549
102550
101951
101952
101953
101954
101955
101356
101357
101358
101359
100760
100761
100762
100763
100764
100165
100166
100167
100168
100169
99571
99572
99573
99574
98975
98976
98977
98979
98380
98381
104928
104928
104328
103728
103127
102527
101927
101327
100727
100127
99526
98926
98326
98326
97726
97126
96525
95925
95325
94725
94125
93525
92924
92324
91724
340800
340201
339602
339003
338404
337805
337806
337207
336608
336009
335410
334811
334212
333613
333014
332415
331816
331217
330618
330019
329420
328821
328222
327623
327024
326425
325826
325827
325228
324629
324030
323431
322832
322233
321634
321035
320436
319837
319238
318639
318040
317441
316842
316243
315644
315045
314446
313847
313848
313249
312650
312051
311452
310853
310254
309655
309056
308457
298276
297677
297078
296479
296480
295881
295282
294683
294084
293485
292886
292287
292288
291689
291090
290491
289892
289293
288694
288095
288096
287497
286898
286299
285700
285101
284502
284503
283904
283305
282706
282107
281508
280909
280310
280311
279712
279113
278514
277915
277316
276717
276118
276119
275520
274921
274322
273723
273124
272525
272526
271927
271328
270729
270130
269531
268932
268333
268334
267735
267136
266537
265938
265339
264740
264141
264142
263543
262944
262345
261746
261147
260548
260549
259950
259351
258752
258153
256955
256356
256357
255758
255159
254560
253961
253362
252763
252164
252165
251566
250967
250368
249769
249170
248571
248572
247973
244379
244380
243781
243182
242583
241984
241385
240786
240187
240188
238990
298276
307858
307259
306660
306061
305462
305463
304864
304265
303666
303067
302468
301869
301270
300671
300672
300073
299474
298875
307858
98382
97782
97182
96581
95981
95381
94781
94181
93580
92980
98382
100783
100183
99583
98982
100783
101383
140991
123587
122986
122386
121786
121186
120586
119986
119385
118785
232064
231464
230864
230264
229664
229064
229064
228464
227864
227264
227264
226664
226064
225464
224864
224864
224264
223664
223064
222464
221864
221264
221264
218264
217664
217064
216464
215864
215264
214664
214064
213464
212863
212263
211663
211063
210463
209863
209263
208663
208063
207463
207463
206864
206265
205666
205666
205067
204467
203868
203269
202670
202070
201471
200872
200872
200272
199672
199072
198472
197872
197272
196672
196073
195473
194873
194273
193673
193073
192473
191873
191273
190673
190073
189473
188873
188273
187673
187074
186474
185874
185274
184674
184074
183474
182874
182274
181674
181074
180474
179874
179274
178674
178075
169074
168473
167873
167273
166673
166073
165473
164872
164272
163672
163072
162472
161872
161271
160671
158270
157670
157070
156470
155870
155270
154669
154069
146267
145667
145067
144467
143866
143266
142666
142066
141466
140865
140265
139665
139065
138465
137865
137264
136664
136064
135464
134864
134264
133663
133063
132463
131863
131263
130663
130062
129462
128862
128862
128262
127663
127063
126463
125863
125264
124664
124064
123465
122865
122265
121666
121066
120466
119866
119267
118667
118067
117468
116868
116268
115668
115069
114469
113869
113270
112670
112070
111470
110871
110271
109671
109072
108472
107872
107273
106673
106073
105473
104874
104274
196049
195449
194848
194248
193648
193047
192447
191847
191247
190646
190046
189446
188845
188245
187645
187044
186444
185844
185243
184643
184043
183443
182842
182242
181642
181041
180441
179841
179240
178640
178040
177439
176839
176239
175639
175038
174438
173838
173237
196049
207463
206862
206262
205661
205060
204459
203859
203258
202657
202056
201456
200855
200254
199653
199053
198452
197851
197250
196650
207463
218877
218276
217676
217075
216474
215873
215273
214672
214071
213470
212870
212269
211668
211067
210467
209866
209265
208664
208064
218877
221880
221279
220679
220078
219478
221880
221264
221265
221266
221267
221268
221269
221270
221271
221272
221873
221874
221875
221876
221877
221878
221879
221264
221250
221251
221252
221253
221254
221255
221256
221257
221258
221259
221260
221261
221262
221263
214632
214032
213432
212831
212231
211631
211031
209830
208030
207430
205029
204429
202628
202028
200827
200227
199627
199027
198426
197826
197226
196626
196025
195425
194825
194225
193625
192424
191824
191224
190023
189423
195976
195977
195978
195379
195380
195381
195382
194783
194784
194785
194786
194187
194188
194189
194190
193591
193592
193593
193594
193595
192996
192997
192998
192999
192400
192401
192402
192403
191804
191805
191806
191807
191808
191209
191210
191211
191212
190613
190614
190615
190616
190017
190018
190019
190020
189421
189422
195976
202527
202528
202529
201930
201931
201932
201933
201334
201335
201336
201337
201338
200739
200740
200741
200742
200143
200144
200145
200146
200147
199548
199549
199550
199551
198952
198953
198954
198955
198356
198357
198358
198359
198360
197761
197762
197763
197165
197166
197167
197168
197169
196570
196571
196572
196573
195974
195975
202527
203123
203124
203125
202526
201897
201297
200697
200097
198896
198896
198897
198898
198299
198300
198301
198302
197703
197704
197705
197706
197707
197108
197109
197110
197111
197112
196513
196514
196515
196516
195917
195918
195919
195920
195921
195322
195323
195324
195325
195326
194727
194728
194729
194730
194131
194133
194134
194135
193536
193537
193538
193539
193540
192941
192942
192943
192944
192345
192346
192347
192348
192349
191750
191751
191752
191753
191754
191155
191156
191158
190559
190560
190561
190563
189964
189965
189966
189967
189968
189369
189370
189371
189372
188773
188774
188775
188776
188777
188178
188179
188180
188181
188182
187583
187584
187585
187586
186987
186988
186989
186990
186991
186392
186393
186394
186395
186396
185797
185798
185799
185800
185201
185202
185203
185203
185204
184605
184606
184607
184008
184009
184010
183411
183412
182813
182814
182815
182216
182217
182218
181619
181620
181620
181021
180422
179823
179224
179225
178626
178027
177428
176829
176230
175631
175032
175033
174434
173835
173236
172637
30988
30388
29787
29187
28587
27986
27386
26786
26186
25585
24985
24385
23784
23184
22584
21983
21383
20783
20183
19582
18982
18382
17781
17181
16581
15980
15380
14780
14179
13579
12979
12379
11778
11178
10578
9977
9377
8777
8176
7576
6976
6376
5775
5175
4575
3974
3374
2774
2173
1573
973
373
30988
52595
51995
51395
50794
50194
49594
48994
48394
47793
47193
46593
45993
45393
44792
44192
43592
42992
42392
41792
41191
40591
39991
39391
38791
38190
37590
36990
36390
35790
35189
34589
33989
33389
32789
32188
31588
52595
192886
192887
192288
192289
192290
191691
192886
200664
200065
200066
199467
199468
198869
198270
198271
197672
197673
197074
197075
196476
195877
195878
195279
195280
194681
194082
194083
193484
193485
200664
191692
191092
190493
189893
189293
188693
188094
187494
186894
186295
185695
185095
184495
183896
183296
182696
182097
181497
180897
180297
179698
179098
178498
177899
177299
176699
176100
175500
174900
174300
173701
173101
172501
171902
171302
170702
170102
169503
168903
168303
167704
167104
166504
165904
165305
164705
39724
39124
38525
37925
37326
36726
36126
35527
34927
34328
33728
33128
32529
31929
31329
30730
30130
29531
28931
28331
27732
25933
25333
24734
24134
23535
22935
22335
21736
21136
20536
19937
19337
18738
18138
17538
16939
16339
15740
15140
14540
13941
13341
12742
12142
11542
10943
10343
9743
9144
8544
7945
7345
6745
6146
5546
4947
4347
4347
3747
3147
2546
1946
1346
746
146
129633
129634
129635
126656
126657
126058
126059
8988
8989
8990
8391
8392
8393
8394
7795
7796
7797
7798
8988
12585
11985
11386
10786
10187
9587
12585
13776
13177
13178
13179
13180
13181
13182
12583
12584
359445
358846
358247
357648
357049
357050
355253
354654
354055
353456
352857
352258
351659
351060
351061
350462
349863
349264
348665
348066
347467
346868
346269
345670
345671
345072
344473
343874
343275
342676
342077
341478
340879
340280
340281
339682
339083
338484
337885
337286
336687
336088
335489
334890
334891
334292
333693
333094
332495
309322
308722
308121
307521
306921
306321
298517
273305
272704
272104
271504
270903
270303
269703
269103
268502
267902
267302
266701
266101
265501
264901
264300
309322
252691
252091
251490
240081
239480
238880
238279
266463
265862
266463
266463
265864
265265
265266
264667
264068
263469
262870
262271
262272
261673
261074
260475
259876
259877
259278
258679
258080
257481
256882
256883
256284
255685
255086
254487
253888
253889
253290
252691
252691
252092
251493
250894
250895
250296
249697
249098
248499
247900
247901
247302
246703
246104
245505
244906
244907
244308
243709
243110
242511
241912
241913
241314
240715
240116
239517
238918
238919
238320
237721
237122
236523
235924
235325
235326
234727
234128
233529
232930
232331
232332
231733
231134
230535
229936
229337
229338
228739
228140
227541
226942
226343
226344
225745
225146
224547
223948
223349
223350
222751
222152
221553
259800
259201
259202
258603
258604
258005
258006
257407
257408
256809
256810
256211
256212
238279
238280
237681
237682
237083
237084
237085
236486
236487
235888
235889
235290
235291
235292
234693
234694
234095
234096
234097
233498
233499
232900
232901
232302
232303
232304
231705
231706
231107
238279
248440
248441
247842
247843
247244
247245
246646
246647
246648
246049
246050
245451
245452
244853
244854
244255
244256
244257
243658
243659
243060
243061
242462
242463
242464
241865
241866
241267
241268
240669
240670
240071
240072
240073
239474
239475
238876
238877
238278
248440
250234
250235
295215
294616
294617
294018
294019
293420
293421
292822
292823
292224
292225
291626
291627
291028
291029
290430
290431
289832
289833
289234
168090
167490
166889
166289
165688
165088
164488
163887
163287
162686
168090
205306
204706
204106
203505
202905
202305
201705
201104
200504
199904
199304
198703
198103
197503
196903
196302
195702
195102
194502
193901
193301
192701
192100
191500
190900
190300
189699
188499
187899
187298
186698
186098
185498
184897
184297
183697
183097
182496
181896
181296
180695
180095
179495
178895
178294
177694
177094
176494
175893
175293
174693
174093
173492
172892
172292
171692
171091
170491
169891
169291
168690
205910
205911
205312
205313
204714
204115
204116
203517
203518
202919
202920
202321
201722
201723
201124
201125
200526
200527
199928
199929
199330
198731
198732
198133
198134
197535
197536
196937
196338
196339
195740
195741
195142
195143
194544
193945
193946
193347
193348
192749
192750
192151
233001
232400
231799
231199
230598
229997
229396
228795
228194
227594
226993
226392
225791
225190
224589
223989
233001
162134
161534
160334
159733
159133
158533
157933
157332
156732
161534
192151
191551
190950
190350
189749
189149
188548
187948
187347
186747
186146
185546
184945
184345
183744
183144
182543
181943
181342
180742
180141
179541
178940
192151
210165
209565
208964
208364
207763
207163
206562
205962
205361
204761
204160
203560
202959
202359
201759
201158
200558
199957
199357
198756
198156
197555
196955
196354
195754
195153
194553
193952
193352
192751
