238492
237892
237292
236693
236093
235493
234893
234294
233694
233094
232494
231895
231295
230695
230095
229496
228896
228296
227696
227097
226497
225897
225297
224698
224098
223498
222898
222298
221699
221099
220499
219899
219300
218700
218100
217500
216901
216301
215701
215101
214502
213902
213302
212702
212103
211503
210903
210303
209704
209104
208504
207904
207305
206705
206105
205505
204905
204306
203706
203106
202506
201907
201307
200707
200107
199508
198908
198308
197708
197109
196509
195909
195309
194710
194110
193510
192910
192311
191711
238492
359646
359046
358447
357847
357247
356647
356048
355448
354848
354248
353648
353049
352449
351849
351249
350650
350050
349450
348850
348250
347651
347051
346451
345851
345252
344652
344052
343452
342852
342253
341653
341053
340453
339854
339254
338654
338054
337455
336855
336255
335655
335055
334456
333856
333256
332656
332057
331457
330857
330257
329657
329058
328458
327858
327258
326659
326059
325459
324859
324260
323660
323060
322460
321860
321261
320661
320061
319461
318862
318262
317662
317062
316462
315863
315263
314663
314063
313464
312864
312264
311664
311065
310465
309865
309265
308665
308066
307466
306866
306266
305667
305067
304467
303867
303267
302668
302068
301468
300868
300269
299669
299069
298469
297870
297270
296670
296070
295470
294871
294271
293671
293071
292472
291872
291272
290672
290072
289473
288873
288273
287673
287074
286474
285874
285274
284675
284075
283475
282875
282275
281676
281076
280476
279876
279277
278677
278077
277477
276877
276278
275678
275078
274478
273879
273279
272679
272079
271480
270880
270280
269680
269080
268481
267881
267281
266681
266082
265482
264882
264282
263682
263083
262483
261883
261283
260684
260084
259484
258884
258285
257685
257085
256485
255885
255286
254686
254086
253486
252887
252287
251687
251087
250487
249888
249288
248688
248088
247489
246889
246289
245689
245090
244490
243890
243290
242690
242091
241491
240891
240291
239692
239092
248748
248148
247549
246949
246349
245750
245150
244550
243951
243351
242751
242151
241552
240952
240352
239753
239153
238553
237954
237354
236754
236155
235555
234955
234356
233756
233156
232557
231957
231357
230758
230158
229558
228958
228359
227759
227159
226560
225960
225360
224761
224161
223561
222962
222362
221762
221163
220563
219963
219364
218764
218164
217564
216965
216365
215765
215166
214566
213966
213367
212767
212167
211568
210968
210368
209769
209169
208569
207970
207370
206770
206170
205571
204971
204371
203772
203172
202572
201973
201373
200773
200174
199574
198974
198375
197775
197175
196576
195976
195376
194777
194177
248748
248749
249350
249351
249352
249953
249954
249955
249956
250557
250558
250559
251160
251161
251162
251763
251764
251765
252366
252367
252368
252969
252970
252971
252972
253573
253574
253575
254176
254177
254178
254779
254780
254781
255382
255383
255384
255985
255986
255987
255988
256589
256590
256591
257192
257193
257194
257795
257796
257797
258398
258399
258400
259001
259002
259003
259004
259605
259606
259607
260208
260209
260210
260811
260812
260813
261414
261415
261416
261417
262018
262019
262020
262621
262622
262623
263224
263225
263226
263827
263828
263829
264430
264431
264432
264433
265034
265035
265036
265637
265638
265639
266240
266241
266242
266843
266844
266845
267446
267447
267448
267449
268050
268051
268052
268653
268654
268655
269256
269257
269258
269859
269860
269861
270462
270463
270464
270465
271066
271067
271068
271669
271670
271671
272272
272273
272875
272876
272877
272878
273479
273480
273481
274082
274083
274084
274685
274686
274687
275288
275289
275290
275891
275892
275893
275894
276496
276497
277098
277099
277100
277701
277702
277703
278304
278305
278306
278907
278908
278909
278910
279511
279512
279513
280114
280115
280116
280717
280718
280719
281320
281321
281322
281923
281924
281925
281926
282527
282528
282529
283130
248748
238492
238493
239094
239095
239096
239697
239698
239699
239700
240301
240302
240303
240904
240905
240906
241507
241508
241509
241510
242111
242112
242113
242714
242715
242716
243317
243318
243319
243320
243921
243922
243923
244524
244525
244526
245127
245128
245129
245730
245731
245732
245733
246334
246335
246336
246937
246938
246939
247540
247541
247542
247543
248144
248145
248146
248747
238492
224400
224401
223802
223803
223804
223805
223806
223807
223208
223209
223210
223211
223212
223213
222614
222615
222616
222617
222618
222619
222020
222021
222022
222023
222024
222025
221426
221427
221428
221428
221429
221430
220831
220832
220833
220834
220835
220836
220237
220238
220239
220240
220241
220242
219643
219644
219645
219646
219647
219048
219049
219050
219051
219052
219053
218454
218455
218456
218457
218458
218459
217860
217861
217862
217863
217864
217265
217266
217267
217268
217269
217270
216671
216672
216673
216674
216675
216076
216077
216078
216079
216080
216081
215482
215483
215484
215485
215486
215487
214888
214889
214890
214891
214892
214293
214294
214295
214296
214297
214298
213699
213700
213701
213702
213703
213704
213105
213106
213107
213108
213109
212510
212511
212512
212513
212514
212515
211916
211917
211918
211919
211920
211921
211322
211323
211324
211325
211326
210727
210728
210729
210730
210731
210732
210133
210134
210135
210136
210137
209538
209539
209540
209541
209542
209543
208944
208945
208946
208947
208948
208949
208350
208351
208352
208352
208353
208354
207755
207756
207757
207758
207759
207760
207161
207162
207163
207164
207165
206566
206567
206568
206569
206570
206571
205972
205973
205974
205975
205976
205377
205378
205379
205380
205381
205382
204783
204784
204785
204786
204787
204188
204189
204190
204191
204192
204193
203594
203595
203596
203597
203598
202999
203000
203001
203002
203003
203004
202405
202406
202407
202408
202409
201810
201811
201812
201813
201814
201815
201216
201217
201218
201219
201220
200621
200622
200623
200624
200625
200626
200027
200028
200029
200030
200031
199432
199433
199434
199435
199436
198837
198838
198839
198840
198841
198842
198243
198244
198245
198246
198247
197648
197649
197650
197651
197652
197653
197054
197055
197056
197057
197058
196459
196460
196461
196462
196463
196464
195865
195866
195867
195868
195869
195270
195271
195272
195273
195274
195275
194676
194677
194678
194679
194680
194081
194082
194083
194084
194085
194086
193487
193488
193489
193490
193491
192892
192893
192894
192895
192896
192897
192298
192299
192300
192301
192302
191703
191704
191705
191706
191707
191708
191109
191110
191111
325727
325728
325729
326330
326331
326332
326333
326934
326935
326936
326937
327538
327539
327540
327541
327542
328143
328144
328145
328146
328747
328748
328749
328750
329351
329352
329353
329354
329355
329956
329957
329958
329959
330560
330561
330562
330563
331164
331165
331166
331167
331768
331769
331770
331771
331772
332373
332374
332375
332376
332977
332978
332979
332980
333581
333582
333583
333584
333585
334186
334187
334188
334189
334790
334791
334792
334793
335394
335395
335396
335999
325727
191111
190511
189911
189312
188712
188112
187512
186913
186313
185713
185113
184514
183914
183314
182714
182114
181515
180915
180315
179715
179116
178516
177916
177316
176717
176117
175517
174917
174317
173718
173118
172518
171918
171319
170719
170119
169519
168920
168320
167720
167120
166520
165921
165321
164721
164121
163522
162922
162322
161722
161123
160523
159923
159323
158723
158124
157524
156924
156324
155725
155125
154525
153925
153326
152726
152126
151526
150926
150327
149727
149127
148527
147928
147328
146728
146128
145529
144929
144329
143729
143129
142530
141930
141330
140730
140131
139531
138931
138331
137732
137132
136532
136532
135932
135332
134733
134133
133533
132933
132334
131734
131134
130534
129934
129335
128735
128135
127535
126936
126336
125736
125136
124536
123937
123337
122737
122137
121538
120938
120338
119738
119138
118539
117939
117339
116739
116139
115540
114940
114340
113740
113141
112541
111941
111341
110741
110142
109542
108942
108342
107743
107143
106543
105943
105343
104744
104144
103544
102944
102345
101745
101145
100545
99945
99346
98746
98146
97546
96947
96347
95747
95147
94547
93948
93348
92748
92148
91549
90949
90349
89749
89149
88550
87950
87350
86750
86150
85551
84951
84351
83751
83152
82552
80153
79553
78953
78353
77754
77154
76554
75954
75354
74755
74155
73555
72955
72356
71756
71156
208352
207752
207152
206551
205951
205351
204751
204151
203551
202950
202350
201750
201150
200550
199950
199349
198749
198149
197549
196949
196349
195748
195148
194548
193948
193348
192748
192147
191547
190947
190347
189747
189146
188546
187946
187346
186746
186146
185545
184945
184345
183745
183145
182545
181944
181344
180744
180144
179544
178944
178343
177743
177143
176543
175943
175342
174742
174142
173542
172942
172342
171741
171141
170541
169941
169341
168741
168140
167540
166940
166340
165740
165140
164539
163939
163339
162739
162139
161539
160938
160338
159738
159738
159138
158538
157937
157337
156737
156137
155537
154937
154336
153736
153136
152536
151936
151336
150735
150135
149535
148935
148335
147735
147134
146534
145934
145334
144734
144134
143533
142933
142333
141733
141133
140532
139932
139332
138732
138132
137532
136931
136331
135731
135131
134531
133931
133330
132730
132130
131530
130930
130330
129729
129129
128529
127929
127329
126729
126128
125528
124928
124928
124328
123728
123127
122527
121927
121327
120727
120127
119526
118926
118326
117726
117126
116526
115925
115325
114725
114125
113525
112924
112324
111724
111124
110524
109924
109323
108723
108123
107523
106923
106323
105722
105122
104522
103922
103322
102721
102121
101521
100921
100321
99721
99120
98520
97920
97320
96720
96120
95519
94919
94319
158363
157763
157163
156563
155963
155364
154764
154164
153564
152964
152364
151764
151164
150565
149965
149365
148765
148165
147565
146965
146365
145766
145166
144566
143966
143366
142766
142166
141566
140967
140367
139767
139167
138567
137967
137367
136767
136168
135568
134968
134368
134368
133768
133168
132568
131969
131369
130769
130169
129569
128969
128370
127770
127170
126570
125970
125370
124770
124171
123571
122971
122371
121771
121171
120572
119972
119372
118772
118172
117572
116972
116373
115773
115173
114573
113973
113373
112774
112174
111574
110974
110374
109774
109174
108575
107975
107375
106775
106175
105575
104976
104376
103776
103176
103176
102576
101976
101376
100777
100177
99577
98977
98377
97777
97178
96578
95978
95378
94778
94178
93579
92979
92379
91779
91179
90579
89980
89380
88780
88180
87580
86980
86381
85781
85181
84581
83981
83381
82782
82182
81582
80982
80382
79782
79183
78583
77983
77383
76783
76183
75584
74984
74384
73784
73184
72584
71985
71385
70785
70185
70185
69585
68985
68385
67786
67186
66586
65986
65386
64786
64186
63587
62987
62387
61787
61187
60587
59987
59388
58788
58188
57588
57588
56988
56388
55789
55189
54589
53989
53389
52790
52190
51590
50990
50390
49791
49191
48591
66711
66111
65511
64910
64310
63710
63110
62510
61910
61309
60709
60109
59509
58909
58309
57708
57108
56508
55908
55308
54708
54107
53507
52907
52307
51707
51106
50506
49906
49306
48706
48106
47505
46905
46305
45705
45105
44505
43904
43304
42704
42104
41504
40903
40303
39703
39103
38503
37903
37302
36702
36102
35502
34902
34302
33701
33101
32501
31901
31301
30701
30100
29500
28900
28300
27700
27099
26499
25899
25299
24699
24099
23498
22898
22298
21698
21098
20498
19897
19297
18697
18697
18097
17497
16896
16296
15696
15096
14496
13896
13295
12695
12095
11495
10895
10294
9694
9094
8494
7894
7293
6693
6093
5493
4893
4293
3692
3092
2492
2492
1892
1292
691
91
94319
93719
93119
92518
91918
91318
90718
90118
89518
88917
88317
87717
87117
86517
85917
85316
84716
84116
83516
82916
82316
81715
81115
80515
80515
79915
79315
78714
78114
77514
76914
76314
75714
75113
74513
73913
73313
72713
72113
71512
70912
70312
69712
69112
68512
67911
67311
66711
71156
70556
69956
69357
68757
68157
67557
66958
66358
65758
65158
64559
63959
63359
62759
62159
61560
60960
60360
59760
59161
58561
57961
57361
56762
56162
55562
54962
54363
53763
53163
53163
52563
51964
51364
50764
50164
49565
48965
48365
47765
47166
46566
45966
45366
44767
44167
43567
42967
42368
41768
41168
40568
39969
39369
38769
38169
37570
36970
36370
35770
35171
34571
34571
33971
33371
32772
32172
31572
30972
30373
29773
29173
28573
27974
27374
26774
26174
25574
24975
24375
23775
23175
22576
21976
21376
20776
20177
19577
18977
18377
17777
17178
16578
15978
15378
14779
14179
13579
12979
12380
11780
11180
10580
9980
9381
8781
8181
7581
6982
6382
5782
5182
4583
3983
3383
2783
2184
1584
984
384
48591
47991
47391
46791
46192
45592
44992
44392
43792
43192
42592
41992
41393
40793
40193
39593
38993
38393
37793
37194
36594
35994
35394
34794
34194
33594
32995
32395
31795
31195
30595
29995
29395
28795
28196
27596
26996
26396
26396
25796
25196
24596
23997
23397
22797
22197
21597
20997
20397
19798
19198
18598
17998
17398
16798
16198
15599
14999
14399
13799
13199
12599
11999
75235
74635
74034
72834
72234
71634
70433
69833
69233
68632
68032
129856
129857
130474
130475
130476
130477
130478
130479
130480
130481
129823
129223
128623
128023
127422
126822
126222
125622
125022
124422
123821
123221
122621
122021
121421
120821
120220
119620
119020
118420
117820
117220
116619
116019
115419
114819
118976
118977
118978
118979
117196
117197
117198
116599
116600
116601
116602
116603
116604
116005
116006
116007
116008
116009
116010
115411
115412
115413
115414
115415
115416
114817
114818
160925
160926
160927
160928
160329
160330
160331
160332
160333
160334
159735
159736
159737
160925
304116
303516
302917
302317
301718
301118
300519
299919
299319
298720
298120
297521
296921
296322
295722
295122
294523
293923
293324
292724
292125
291525
290925
290326
289726
289127
288527
287928
287328
286728
286129
285529
284930
284330
283731
304116
324510
323910
323310
322711
322111
321511
320911
320311
319711
319112
318512
317912
317312
316712
316112
315513
314913
314313
313713
313113
312514
311914
311314
310714
310114
309514
308915
308315
307715
307115
306515
305915
305316
304716
324510
158363
158364
158365
157766
157767
157768
157769
157770
157771
157172
157173
157174
157175
157176
156577
156578
156579
156580
156581
156582
155983
155984
155985
155986
155987
155388
155389
155390
155391
155392
155393
154794
154795
154796
154797
154798
154799
158363
359490
358890
358291
357691
357091
356491
355891
355292
354692
354092
353492
352893
352293
351693
351093
350493
349894
349294
348694
348094
347495
346895
346295
345695
345095
344496
343896
343296
342696
342097
341497
340897
340297
339697
339098
338498
337898
337298
336699
336099
335499
334899
334299
333700
333100
332500
331900
331301
330701
330101
329501
328901
328302
327702
327102
326502
325903
325303
324703
324103
323503
322904
322304
321704
321104
320505
319905
319305
318705
318105
317506
316906
316306
315706
315107
314507
313907
313307
312707
312108
311508
310908
310308
309708
309109
308509
307909
307309
306710
306110
305510
304910
304310
303711
303111
302511
301911
301312
300712
300112
299512
298912
298313
297713
297113
296513
295914
295314
294714
294114
293514
292915
292315
291715
291115
290516
289916
289316
288716
288116
287517
286917
286317
285717
285118
284518
283918
283318
282718
282119
281519
280919
280319
279720
279120
278520
93600
93601
93602
93603
93004
93005
93006
93007
93008
92409
92410
92411
92411
92412
92413
91814
91815
91816
91817
91818
91219
91220
91221
91222
91223
91224
90625
90626
90627
90628
90629
90030
90031
90032
90033
90034
89435
89436
89437
89438
89439
88840
88841
88842
88843
88844
88245
88246
88247
88248
88249
88250
87651
87652
87653
87654
87655
87056
87057
87058
87059
87060
86461
86462
86463
86464
86465
85866
85867
85868
85869
85870
85271
85272
85273
85274
85275
85276
84677
84678
84679
84680
84681
84082
84083
84084
84085
84086
83487
83488
83489
83490
83491
82892
82893
82894
82895
82896
82297
82298
82299
82300
82301
82302
81703
81704
81705
81706
81707
81108
81109
81110
81111
81112
80513
80514
80515
80515
80516
80517
79918
79919
79920
79921
79922
79323
79324
79325
79326
79327
79328
78729
78730
78731
78732
78733
78134
78135
78136
78137
78138
77539
77540
77541
77542
77543
77544
76945
76946
76947
76948
76949
76350
76351
76353
76354
75755
75756
75757
75758
75759
75760
75161
75162
75163
75164
75165
74566
74567
74568
74569
74570
73971
73972
73973
73974
73975
73976
73377
73378
73379
73380
73381
72782
72783
72784
72785
72786
72187
72188
72189
72190
72191
72192
71593
71594
71595
71596
71597
70998
70999
71000
71001
71002
70403
70404
70405
70406
70407
70408
69809
69810
69811
69812
69813
69214
69215
69216
69217
69218
68619
68620
68621
68622
68623
68624
68025
68026
68027
68028
68029
67430
67431
67432
67432
67433
67434
66835
66836
66837
66838
66839
66840
66241
66242
66243
66244
66245
65646
65647
65648
65649
65650
65651
65052
65053
65054
65055
65056
64457
64458
64459
64460
64461
64462
63863
63864
63865
63866
63867
63268
63269
63270
63271
63272
62673
62674
62675
62676
62677
62678
62079
62080
62081
62082
62083
61484
61485
61486
61487
61488
61489
60890
60891
60892
60893
60894
60295
60296
60297
60298
60299
60300
59701
59702
59703
59704
59705
59106
59107
59108
59109
59110
59111
58512
58513
58514
58515
58516
57917
57918
57919
57920
57921
57922
57323
57324
57325
57326
57327
56728
56729
56730
56731
56732
56133
56134
56135
56136
56137
56138
55539
55540
55541
55542
55543
54944
54945
54946
54947
54948
54949
54350
54351
54352
54353
54354
53755
53756
53757
53758
53759
53760
53161
53162
53163
53163
53164
53165
52566
52567
52568
52569
52570
51971
51972
51973
51974
51975
51376
51377
51378
51379
51380
51381
50782
50783
50784
50785
50786
50187
50188
50189
50190
50191
49592
49593
49594
49595
49596
48997
48998
48999
49000
49001
48402
48403
48404
48405
48406
48407
47808
47809
47810
47811
47812
47213
47214
47215
47216
47217
46618
46619
46620
46621
46622
46023
46024
46025
46026
46027
45429
45430
45431
45432
44833
44834
44835
44836
44837
44838
44239
44240
44241
44242
44243
43644
43645
43646
43647
43648
43049
43050
43051
43052
43053
42454
42455
42456
42457
42458
41859
41860
41861
41862
41863
41264
41265
41266
41267
41268
41269
40670
40671
40672
40673
40674
40075
40076
40077
40078
40079
39480
39481
39482
39483
39484
38885
38886
38887
38888
38889
38290
38291
38292
38293
38294
38295
37696
37697
37698
37699
37700
37101
37102
37103
37104
37105
36506
36507
36508
36509
36510
35911
35912
35913
35914
35915
35316
35317
35318
35319
35320
34721
34722
34723
34724
34725
34726
34127
34128
34129
34130
34131
33532
33533
33534
33535
33536
32937
32938
32939
32940
32941
32342
32343
32344
32345
32346
31747
31748
31749
31750
31751
31152
31153
31154
31155
31156
31157
30558
30559
30560
30561
30562
29963
29964
29965
29966
29967
29368
29369
29370
29371
29372
28773
28774
28775
28776
28777
28179
28180
28181
28182
28183
27584
27585
27586
27587
27588
26989
26990
26991
26992
26993
26396
26396
26397
26398
25799
15135
18697
18698
18699
18700
18101
18102
18103
18104
18105
18106
18107
18108
17509
173828
173228
172628
172028
169027
168427
167827
167227
166627
166026
165426
164826
164226
163626
163026
162426
173828
173829
173231
173232
173233
173234
173235
172636
172637
172638
172639
172640
172041
172042
172043
172044
172045
172046
171447
171448
171449
171450
171451
170852
170853
170854
170855
170856
170257
170258
170259
170260
170261
169662
169663
169664
169665
169666
169067
169068
169069
169070
169071
169072
168473
168474
168475
168476
168477
167878
167879
167880
167881
167882
167283
167284
167285
167286
167287
166688
166689
166690
166691
166692
166093
166094
166095
166096
166097
166098
165499
165500
165501
165502
165503
164904
164905
164906
164907
164908
164309
164310
164311
164312
164313
163714
163715
163716
163717
163718
163119
163120
163121
163122
163123
163124
162525
162526
162527
162528
162529
161930
161931
161932
161933
161934
161335
161336
161337
161338
161339
160740
160741
160742
160743
160744
160145
160146
160147
160148
160149
160150
159551
159552
159553
159554
159555
158956
158957
158958
158959
158960
158361
158362
173828
180374
180375
180376
179777
179778
179779
179780
179781
179182
179183
179184
179185
179186
178587
178588
178589
178590
178591
177992
177993
177994
177995
177996
177397
177398
177399
177400
177401
176802
176803
176804
176805
176206
176207
176208
176209
176210
175611
175612
175613
175614
175615
175016
175017
175018
175019
175020
174421
174422
174423
174424
174425
173826
173827
180374
151622
151022
150422
133508
133509
134110
134111
134112
134113
134114
134715
134716
134717
134718
134719
135320
135321
135322
135323
135324
135925
135926
135927
135928
135929
136530
136531
136532
101644
101043
100443
99843
99243
98642
98042
97442
96842
96242
95641
95041
94441
93841
93241
92640
92040
91440
90840
106448
105847
105246
104646
129856
129256
128656
128055
127455
126855
126255
125655
118453
117252
114852
114252
113651
113051
112451
111851
111251
110651
110050
129856
132827
132828
132829
132830
132831
132832
132233
132234
132235
132236
132237
131638
131639
131640
131641
131642
131043
131044
131045
131046
131047
131048
130449
130450
130451
130452
130453
129854
129855
146027
145427
144827
144227
143626
139425
138825
138225
137625
137025
136425
135825
135224
134624
146027
151409
151410
150811
150812
150213
150214
149615
149616
149017
149018
148419
148420
147224
146625
146626
151409
155578
155579
154980
154981
154982
154983
154384
154385
154386
154387
154388
153789
153790
153791
153792
153793
153194
153195
153196
153197
152598
152004
152005
152006
151407
151408
131944
133759
133760
133761
133762
133763
133764
134365
134366
134367
129513
129516
129517
130118
130119
129513
126481
126482
126483
126484
127085
127086
127087
127088
127089
127090
127691
127692
127696
127697
128298
128299
128303
128904
128905
128906
128907
128908
128909
129510
129511
129512
126481
150422
149822
149222
148622
148022
147422
146821
146221
140251
140252
140253
135497
135498
135499
134900
134307
134308
134308
133709
133109
132510
131910
131311
130712
130112
129513
129513
128913
124717
124717
122318
121718
121118
120518
118719
118119
117519
116919
116319
115120
114520
113920
113320
112720
110921
110321
109721
109121
108521
107322
106722
106122
105522
104922
104322
103723
103123
102523
101923
101323
100723
100123
99524
98924
98324
97724
97124
96524
95925
95325
94725
94125
93525
92925
92326
91726
91126
90526
89926
89326
88726
88127
87527
86927
86327
85727
85127
84528
83928
83328
82728
82128
81528
80929
80329
79729
79129
78529
77929
77330
76730
76130
75530
74930
74330
73730
73131
72531
71931
71331
70731
70131
69532
68932
68332
67732
67132
66532
65933
65333
64733
64133
63533
62933
62333
61734
61134
60534
59934
59334
58734
58135
57535
56935
56335
55735
55135
54536
53936
53336
98413
97813
97213
96613
96012
95412
94812
94212
93611
93011
92411
159685
159686
160287
160288
160889
160890
160891
161492
161493
162094
162696
162697
162698
163299
163300
159685
165035
165036
165037
164438
164439
164440
164441
164442
164443
163844
163845
163846
163847
163848
163249
163250
163251
163252
163253
163254
162655
162656
162657
162658
162659
162660
162061
162062
162063
162064
162065
161466
161467
161468
161469
161470
161471
160872
160873
160874
160875
160876
160277
160278
160279
160280
160281
160282
159683
159684
165035
165035
164435
163835
163234
162634
158433
157833
157232
156632
156032
155432
154832
154231
153631
153031
152431
151831
151230
150630
150030
149430
145228
144628
144028
143428
142828
142227
141627
141027
140427
139827
139226
138626
138026
137426
136826
136225
135625
135025
134425
133825
133224
132624
132024
131424
130824
130223
129623
129023
128423
127823
127222
126622
126022
125422
124822
124221
123621
123021
122421
121821
121220
120620
86400
86401
86402
86403
86404
85805
85806
85807
85808
85809
85210
85211
85212
85213
85214
85215
84616
84617
84618
84619
84620
84021
84022
84023
84024
84025
83426
83427
83428
83429
83430
83431
82832
82833
82237
82238
82239
82240
82241
82242
81643
81645
81646
81647
81051
81052
81053
80454
80455
80456
80457
80458
79859
79860
79861
79862
79863
79864
79265
79266
79267
79268
79269
78670
78671
78672
78673
78674
78675
78076
78077
78078
78079
78080
77481
77482
77483
76886
76887
75698
75699
75700
75104
75105
75105
74505
67308
67309
66710
66711
66711
66712
66713
66714
73321
72721
72121
71521
70920
70320
69720
73321
73321
73322
73323
72724
72725
72728
72129
69158
69159
69160
68561
68562
68563
68564
68565
67371
67372
66777
66778
66779
66780
66781
66182
66183
66184
66185
66186
65587
64400
64401
64402
63803
62613
62614
62615
60829
60830
60831
60832
60234
60235
60236
60239
58451
58452
58453
55480
54881
54886
54290
54291
53692
53693
53694
53695
53696
53101
52506
52507
51314
50125
50126
50127
50128
49529
49530
48341
48342
48343
47744
47745
47746
47747
47748
47749
47150
47151
47153
47154
46555
46556
46557
46557
45957
45358
44758
35165
35166
34567
34568
34569
34570
34571
34571
34572
34573
33974
33975
33976
33977
33978
44178
43578
42978
42379
41779
41179
40579
39980
39380
38780
38180
37580
36981
36381
35781
44178
44178
44179
44180
43581
43583
43584
43585
43586
42987
42988
42990
42991
42392
42393
42395
42396
41206
41207
40611
40612
40014
40015
40016
40017
40018
39419
39420
39421
39422
39423
38824
38825
38826
38827
38828
38230
38231
38232
38233
38234
37635
37636
37637
37638
37639
37040
37041
33476
22770
22771
22772
22173
22174
22175
20984
20985
20986
20986
20386
19786
19186
18587
17987
17387
16787
16187
15587
14988
11988
11389
10789
10189
10189
10190
10191
10192
10193
10194
9595
9596
9597
9598
9599
48591
48592
48593
48594
47995
47996
47997
47998
47999
48591
49181
49182
49183
49184
48585
48586
48587
48588
48589
48590
40780
40180
39581
38981
38381
37781
37181
36581
35982
35382
34782
57973
57974
57975
57376
57377
57378
57379
57380
57381
56782
56783
56784
56785
56786
56187
56188
56189
55592
55593
55594
55595
54998
54999
55000
55001
55002
54403
54404
54405
54406
54407
53808
53809
53216
53217
53218
52619
52620
52621
52622
52623
52024
52025
52026
52027
52028
52029
51430
51431
51432
51433
51434
50835
50836
50837
50838
50839
50240
50241
50242
50243
50244
50245
49646
49647
49648
49649
49650
49051
49052
49053
49054
49055
49056
48457
48458
48459
48460
48461
47862
47863
47864
47865
47866
47267
47268
47269
47270
47271
47272
46673
46674
46675
46676
46677
46078
46079
46080
46081
46082
45483
45484
45485
45486
45487
45488
44889
44890
44891
44892
44893
44294
44295
44296
44297
44298
43699
43700
43701
43702
43703
43704
43105
43106
43107
43108
43109
42510
42511
42512
42513
42515
41916
41917
41918
41919
41920
41321
41324
41325
40726
40727
40728
40729
40730
40731
40132
40133
40134
40135
40136
39537
39538
39539
39540
39541
38943
38944
38945
38946
38947
38348
38349
38350
38351
38352
37753
37754
37755
37756
37757
37158
37159
37160
37161
37162
37163
36564
36565
36566
36567
36568
35969
35970
35971
35972
35973
35374
35375
35376
35377
35378
35379
34780
34781
57973
70567
69967
69368
68768
68168
67568
66969
66369
65769
65170
64570
63970
63370
62171
61571
60972
60372
59772
59172
58573
70567
72944
72945
72946
72347
72348
72349
72350
72351
72352
71753
71754
71755
71756
71757
71758
71159
71160
71161
71162
71163
71164
70565
70566
72944
72944
72344
71744
66946
66347
65747
65147
64547
63948
63348
62748
62148
61549
60949
60349
85330
85331
85332
84733
84734
84735
84736
84737
84738
84139
84140
84141
84142
84143
83544
83545
83546
83547
83548
82949
82950
82951
82952
82953
82354
82355
82356
82357
82358
81759
81760
81761
81762
81763
81764
81168
81169
80570
80571
80572
80573
80574
79976
79977
79978
79979
79380
79381
79382
79383
79384
78785
78786
78787
78788
78789
78790
78191
78192
78193
78194
78195
77596
77597
77598
77599
77600
77001
77002
77003
77004
77005
76406
76407
76408
76409
76410
75811
75812
75813
75814
75815
75217
75218
75219
74622
74623
74624
74027
74028
74029
74030
74031
73432
73435
73436
73437
72838
72839
72840
72841
72842
72243
72244
72245
72246
72247
71648
71649
71650
71651
71652
71053
71054
71055
71056
71057
70458
70459
70460
70461
70462
69269
68676
68677
68678
68079
68080
67484
67485
67486
67487
67488
67489
66890
66891
66892
66893
66894
65702
65108
65109
64510
64511
64512
64513
64514
64515
63916
63917
63918
63919
63920
63321
63322
63323
63324
63325
62726
62727
62728
62729
62730
62131
62132
62133
62134
62135
61536
61537
61538
61539
61540
61541
60942
60943
60944
60945
60946
60347
60348
93727
93127
92527
91927
91326
90726
90126
89526
93727
95512
95513
95514
94915
94916
94917
94918
94919
94320
94321
94322
94323
94324
93725
93726
95512
95512
94912
94312
93712
100200
99601
98411
98412
98413
98414
98415
98416
97817
97818
97819
97820
97222
97223
96627
96628
96629
96630
96631
96032
96033
96034
96035
96036
95437
95438
95439
95440
95441
94842
94843
94844
94845
91867
91868
87703
87704
359559
358959
358360
357760
357160
356560
342166
341566
340966
340366
336768
336168
335568
334968
331969
329570
328970
318174
316375
315775
315175
313976
313376
312776
278520
278521
279123
279124
279125
279728
279729
281543
278520
283131
282531
281931
281331
280732
280132
279532
278932
278332
277732
277132
276533
275933
275333
274733
274133
273533
272934
272334
271734
271134
270534
269934
269334
268735
268135
267535
266935
266335
265735
265135
264536
263936
263336
262736
262136
261536
260937
260337
259737
259137
258537
257937
257337
256738
256138
255538
254938
254938
254338
253738
253138
252539
251939
251339
250739
250139
249539
248940
248340
247740
247140
246540
245940
245340
244741
244141
243541
242941
242341
241741
241142
240542
239942
239342
238742
238142
237542
236943
236343
235743
235143
234543
233943
233343
232744
232144
231544
230944
230344
229744
229145
228545
227945
227345
226745
226145
225545
224946
224346
223746
223146
222546
221946
221347
220747
220147
219547
218947
218347
217747
217148
216548
215948
215348
214748
214148
213549
212949
212349
211749
211149
210549
209949
209350
208750
208150
207550
206950
206350
205751
205151
204551
203951
203351
202751
202151
201552
200952
200352
199752
199152
198552
197953
197353
196753
196153
195553
194953
194353
193754
193154
192554
191954
191354
190754
190154
189555
188955
188355
187755
187155
186555
185956
185356
184756
184156
183556
182956
182356
181757
181157
180557
179957
179357
178757
178158
177558
176958
176358
175758
175158
174558
173959
173359
172759
172159
171559
170959
170360
169760
169160
168560
168560
167960
167360
166761
166161
165561
164961
164361
163761
163162
162562
161962
161362
160762
160162
159563
158963
158363
359318
358718
358118
357518
356919
356319
355719
355119
354519
353919
353320
352720
352120
351520
350920
350320
349721
349121
348521
347921
347321
346721
346122
345522
344922
344322
343722
343122
342522
341923
341323
340723
340123
339523
338923
338324
337724
337124
336524
335924
335324
334725
334125
333525
332925
332325
331725
331126
330526
329926
329326
328726
328126
327527
326927
326327
325727
325727
325127
324527
323927
323327
322727
322128
321528
320928
320328
319728
319128
318528
317928
317328
316728
316128
315529
314929
314329
313729
313129
312529
311929
311329
310729
310129
309530
308930
308330
307730
307130
306530
305930
305330
304730
304130
303530
302931
302331
301731
301131
300531
299931
299931
299331
298731
298131
297531
296931
296331
295731
295131
294531
293931
293331
292731
292131
291531
290931
290331
289731
289131
288531
287931
287331
286731
286131
285531
284931
284331
283731
283131
324510
324511
324512
324513
324514
325115
325116
325117
325118
325119
325120
325121
325122
325723
325724
325725
325726
324510
357500
356900
356300
355701
355101
354501
353901
353301
352701
338906
338306
337706
337106
336506
335907
335307
334707
334107
333507
332907
332308
331708
331108
330508
329908
329309
328709
328109
327509
326909
326309
325710
325110
357500
103176
103177
103178
103179
103180
103781
103782
103783
104998
104999
103176
124928
124929
124930
124331
124332
124333
124336
123737
123738
123739
123740
123741
123142
123143
124928
159738
159739
159740
159141
159142
159143
159144
159145
159146
158547
158548
158549
157953
159738
191111
191112
190513
190514
190515
190516
189917
189918
189919
189320
189321
189322
189323
188724
188725
188726
188127
188128
188129
188130
187531
187532
187533
186934
186935
186936
186937
186338
186339
186340
185741
185742
185743
185744
185145
185146
185147
184548
184549
184550
184551
183952
183953
183954
183355
183356
183357
183358
182759
182760
182761
182165
181566
181567
181568
180969
180970
180971
180972
180373
191111
191111
191112
191113
191114
191115
191116
191117
190518
190519
190520
190521
190522
190523
190524
190525
190526
190527
190528
190529
190530
190531
189932
189933
189934
189935
189936
189937
189938
189939
189940
189941
189942
189943
189944
189945
189346
189347
189348
189349
189350
189351
189352
189353
189354
189355
189356
189357
189358
189359
188760
188761
188762
188763
188764
188765
188766
188767
188768
188769
188770
188771
188772
188773
188174
188175
188176
188177
188178
188179
187588
186989
186990
186991
186992
186993
186394
186395
186396
186397
186398
185799
185800
185801
185802
185803
185804
185205
185206
185207
185208
185209
184610
184611
184612
184613
184614
184615
184016
184017
184018
184019
184020
183421
183422
183423
183424
183425
183426
182827
182828
182829
182830
182831
182232
182233
182234
182235
182236
181637
181638
181639
181640
181641
181642
181043
181044
181045
181046
181047
180448
180449
180450
180451
180452
180453
179854
179855
179856
179857
179858
179259
179260
179261
179262
179263
178664
178665
178666
178667
178668
178669
178070
178071
178072
178073
178074
177475
177476
177477
177478
177479
177480
176881
176882
176883
176884
176885
176286
176287
176288
176289
176290
176291
175692
175693
175694
175695
175696
175097
175098
175099
175100
175101
174502
174503
174504
174505
174506
174507
173908
173909
173910
173910
173911
173912
173313
173314
173315
173316
173317
173318
172719
172720
172721
172722
172723
172124
172125
172126
172127
172128
172129
171530
171531
171532
171533
171534
171535
170936
170937
170938
170939
170940
170341
170342
170343
170344
170345
170346
169747
169748
169749
169750
169751
169152
169153
169154
169155
169156
169157
168558
168559
168560
168560
168561
168562
167963
167964
167965
167966
167967
167968
167369
167370
167371
167372
167373
166774
166775
166776
166777
166778
166779
166180
166181
166182
166183
166184
165585
165586
165587
165588
165589
165590
164991
164992
164993
164994
164995
164396
164397
164398
164399
254938
254939
254940
254941
255542
255543
255544
255545
255546
255547
255548
256149
256150
256151
256761
256762
257363
257364
257365
260399
260399
259790
259791
259792
259793
259794
260395
260396
260397
260398
260399
260399
70185
70186
70187
70188
70189
70190
70191
70792
70793
70794
4278
4279
3680
3681
3682
3683
3684
3085
3086
3087
3088
3089
2490
2491
7847
7848
7849
7250
7251
7252
7253
7847
6039
6040
6641
6642
6643
7244
7245
7846
6039
10800
10201
10202
10203
10204
10205
9606
9607
9608
9609
9610
9011
9012
9013
9014
9015
9016
8417
8418
8419
8420
8421
7822
7823
7824
7825
7826
7227
7228
7229
7230
7231
6632
6633
6634
6635
6636
6037
6038
55162
55163
55164
55165
55766
55767
56373
56374
56979
56980
56981
56982
56983
56984
57585
57586
57587
57588
55162
126481
125881
125281
124681
124082
123482
122882
122282
121682
121082
120482
119883
119283
118683
118083
117483
116883
116284
115684
115084
114484
113884
113284
112684
112085
111485
110885
110285
109685
109085
108485
107886
107286
106686
106086
105486
104886
104286
103687
103087
102487
101887
101287
100687
100088
99488
98888
98288
97688
97088
96488
92289
91690
91090
86891
86291
85691
85091
84491
83892
80875
81476
81477
81478
81479
81480
81481
81482
81484
81485
