37025
36425
35825
35225
34625
34025
33425
32825
32225
31625
31025
30425
29825
29225
28625
28025
27425
26825
26225
25625
25025
24424
23824
23224
22624
22024
21424
20824
20224
19624
19024
18424
17824
17224
16624
16024
15424
14824
14224
13624
13024
12424
11824
11224
10624
10024
9424
8824
8224
7624
7024
6424
5824
5224
4624
4024
3424
2824
2224
1624
1024
424
37025
329241
328641
328041
327441
326841
326241
325641
325041
324441
323841
323241
322641
322041
321441
320841
320241
319640
319040
318440
317840
317240
316640
316040
315440
314840
314240
313640
313040
312440
311840
311240
310640
310040
309440
308840
308240
307640
307040
306440
305840
305240
304640
304040
303440
302840
302240
301639
301039
300439
299839
299239
298639
298039
297439
296839
296239
295639
294439
293839
293239
292639
292039
289639
289039
288439
287839
287239
286639
286039
285439
284839
284239
283639
283038
282438
281838
281238
280638
280038
279438
278838
278238
277638
276438
275838
274038
273438
272838
272238
271638
271038
270438
269838
269238
268638
268038
267438
266838
266238
265638
264437
263837
263237
262637
262037
261437
260837
260237
259637
259037
258437
257837
257237
256637
256037
255437
254837
254237
253637
253037
252437
251837
251237
250637
250037
249437
248837
248237
247637
247036
245836
245236
244636
244036
243436
221835
221235
220635
220035
219435
218835
218235
217635
217035
216435
215835
215235
214635
214035
213435
212835
212235
211635
211035
210434
209834
209234
208034
207434
206834
206234
205634
205034
204434
203834
203234
202634
202034
201434
200834
200234
199634
199034
198434
197834
197234
196634
196034
195434
194834
194234
193634
193034
192434
191833
191233
190633
190033
189433
188833
188233
187633
187033
186433
185833
185233
184633
184033
183433
182833
182233
181633
181033
180433
179833
179233
178633
178033
177433
176833
176233
175633
175033
174433
173832
173232
172632
172032
171432
170832
170232
169632
169032
168432
167832
167232
166632
166032
165432
164832
164232
163632
163032
162432
161832
161232
160632
160032
159432
158832
158232
157632
157032
156432
155832
155231
154631
154031
153431
152831
152231
151631
151031
150431
149831
149231
148631
148031
147431
146831
146231
145631
145031
144431
143831
143231
142631
142031
141431
140831
140231
139631
139031
138431
137831
137230
136630
136030
135430
134830
134230
133630
133030
132430
131830
131230
130630
130030
129430
128830
128230
127630
127030
126430
125830
125230
124630
124030
123430
122830
122230
121630
121030
120430
119830
119230
118629
118029
117429
116829
116229
115629
115029
114429
113829
113229
112629
112029
111429
110829
110229
109629
109029
108429
107829
107229
106629
106029
105429
104829
104229
103629
103029
102429
101829
101229
100628
100028
99428
98828
98228
97628
97028
96428
95828
95228
94628
94028
93428
92828
92228
91628
91028
90428
89828
89228
88628
88028
87428
86828
86228
85628
85028
84428
83828
83228
82627
82027
81427
80827
80227
79627
79027
78427
77827
77227
76627
76027
75427
74827
74227
73627
73027
72427
71827
71227
70627
70027
69427
68827
68227
67627
67027
66427
65827
65227
64627
64026
63426
62826
62226
61626
61026
60426
59826
59226
58626
58026
57426
56826
56226
55626
55026
54426
53826
53226
52626
52026
51426
50826
50226
49626
49026
48426
47826
47226
46626
46025
45425
44825
44225
43625
43025
42425
41825
41225
40625
40025
39425
38825
38225
37625
329241
341245
340645
340045
339444
338844
338244
337644
337044
336443
335843
335243
334643
334043
333442
332842
332242
331642
331042
330441
329841
341245
171826
171226
170626
170026
169426
168826
168226
161025
160425
159825
159225
158625
158025
157425
156825
156225
155625
155025
154425
153825
153225
152625
152025
151425
150825
150225
149625
149025
148425
147825
147225
146625
146025
145425
144825
144225
143625
143025
142425
141825
141224
140624
140024
139424
138824
138224
137624
137024
136424
135824
135224
134624
134024
133424
132824
132224
131624
131024
130424
129824
129224
128624
128024
127424
126824
126224
125624
125024
124424
123824
123224
122624
122024
121424
120823
120223
119623
119023
118423
117823
117223
116623
116023
115423
114823
114223
113623
113023
112423
111823
111223
110623
110023
109423
108823
108223
107623
107023
106423
105823
105223
104623
104023
103423
102823
102223
101623
101022
100422
99822
99222
98622
98022
97422
96822
96222
95622
95022
94422
93822
93222
92622
92022
91422
90822
90222
89622
89022
88422
87822
87222
86622
86022
85422
84822
84222
83622
83022
80621
80021
79421
78821
78221
77621
77021
76421
75821
75221
74621
74021
73421
72821
72221
71621
71021
56020
55420
54820
54220
53620
53020
52420
51820
51220
50620
50020
49420
48820
48220
47620
47020
46420
45820
45220
44620
44020
43420
42820
42220
41620
41020
40419
39819
39219
38619
38019
37419
36819
36219
35619
35019
34419
33819
33219
32619
32019
31419
30819
30219
29619
29019
28419
27819
27219
26619
26019
25419
24819
21819
21219
20619
20018
19418
18818
18218
17618
17018
16418
15818
15218
14618
14018
13418
12818
12218
11618
11018
171826
359633
359033
358433
357833
357233
345833
345233
344633
344033
343433
342833
342233
341633
341033
340433
339833
339233
338633
338033
337433
336832
336232
335632
335032
334432
333832
333232
332632
332032
330832
330232
329632
329032
328432
327832
327232
326032
325432
324832
324232
323632
323032
322432
321832
321232
320632
320032
319432
318832
318232
317632
317032
316432
315232
314632
314032
313432
312832
312232
311031
310431
309831
309231
308631
308031
307431
306831
306231
305631
305031
304431
303831
303231
302631
302031
301431
300831
300231
299631
299031
298431
297831
297231
296631
296031
295431
294831
294231
293631
288831
288231
287631
287031
286431
285830
285230
284630
284030
281030
280430
279830
279230
278630
278030
275630
275030
274430
273830
273230
272630
272030
271430
270830
270230
269630
269030
268430
267830
267230
266630
266030
265430
264830
264230
263630
263030
262430
261830
261230
260629
260029
259429
258829
258229
257629
257029
256429
255829
255229
254629
254029
251629
251029
250429
249829
249229
248629
248029
247429
246829
246229
245029
244429
243829
242629
242029
241429
240829
240229
239629
238429
237829
237229
236629
236029
235428
234828
234228
233628
233028
232428
231828
231228
230628
230028
229428
228828
228228
227628
227028
226428
225228
224628
224028
222228
221628
221028
220428
219828
219228
218628
218028
217428
216828
216228
215628
215028
214428
213828
213228
212628
212028
211428
210828
210228
209627
209027
207827
207227
206627
206027
205427
204827
204227
203627
203027
202427
201827
201227
200627
200027
199427
198827
198227
197627
197027
196427
195827
195227
194627
194027
193427
192827
192227
191627
191027
190427
189827
189227
188627
188027
187427
186827
186227
185627
185027
184426
183826
183226
182626
182026
181426
180826
180226
179626
179026
178426
177826
177226
176626
176026
175426
174826
174226
173626
173026
172426
177032
177033
177034
177035
177036
177037
177038
177039
177040
177041
177042
176443
176444
176445
176446
176447
176448
176449
176450
176451
176452
176453
176454
176455
176456
176457
176458
176459
175874
175875
175876
175877
175878
175879
175880
175881
175882
175883
175884
175885
175286
175287
175288
175289
175290
175291
175292
175293
175294
175295
175296
175297
175298
175299
175300
175301
175302
175303
175304
175305
175306
175307
174708
174709
174710
174711
174712
174713
174714
174715
174716
174717
174718
174719
174720
174721
174722
174723
174724
174725
174726
174727
174146
174147
174148
174149
174150
173551
173552
173553
173554
173555
173556
173557
173560
173561
173562
173563
173564
173565
173566
173567
173568
173569
173570
173571
173572
172973
172974
172975
172976
172977
172978
172979
172980
172981
172396
172397
172398
172399
172400
172401
172402
172403
172404
172405
172406
172407
172408
172409
172410
172411
172412
172413
172414
172415
171816
171817
171818
171819
171820
171821
171822
171823
171824
171825
177032
328141
328742
329343
329944
330545
331146
331747
332348
332349
332950
333551
334152
334753
335354
335955
336556
337157
337758
338359
338960
339561
340162
340763
340764
341365
341966
342567
343168
343769
344370
344971
345572
346173
346774
347375
347976
348577
349178
349779
349780
350381
350982
351583
352184
352785
353386
353987
354588
355189
355790
356391
356992
357593
358194
328141
324534
325135
325736
326337
326338
326939
327540
324534
322130
322731
323332
323933
322130
319125
320327
320928
321529
319125
319125
318526
318527
317928
317329
317330
316731
316132
316133
315534
314935
314936
314337
313738
313739
313140
312541
312542
311943
311344
311345
310746
310747
310148
309549
309550
308951
308352
308353
307754
307155
307156
306557
305958
305959
305360
304761
304762
304163
303564
303565
302966
302367
302368
301769
301170
301171
299973
299974
299375
298776
298777
298178
297579
297580
296981
296382
296383
295784
295185
295186
294587
293988
293989
293390
293391
292792
292193
292194
291595
290996
290997
290398
289799
319125
330504
329905
329306
328707
328108
327509
327510
326911
326312
325713
325114
324515
323916
323317
322718
322119
322120
321521
320922
320323
319724
319125
199800
199801
199802
199803
199804
199205
199206
199207
199207
198608
198609
198010
198011
197412
196813
196814
196215
196216
195617
195617
195018
194419
193820
193221
192621
192022
191423
190824
181231
180631
180031
179431
178831
178232
177632
177032
177032
176432
175832
175231
174631
174031
166826
165625
165025
164424
160818
161419
162020
162621
163222
163823
156606
158413
159014
156606
156000
156601
156602
156603
156604
156605
319125
318526
317927
317328
317329
316730
316131
315532
314933
314334
313735
313736
313137
312538
311939
311340
310741
310142
310143
309544
308945
308346
307747
307148
306549
306550
305951
305352
304753
304154
303555
302956
302957
302358
301759
301160
300561
299962
299363
298764
298765
298166
297567
296968
296369
295770
295171
295172
294573
293974
293375
292776
292177
291578
291579
290980
290381
289782
289183
288584
287985
287986
287387
286788
286189
285590
284991
284392
284393
283794
283195
282596
281997
281398
280799
3167
3168
3169
3170
3171
3772
3773
3774
3775
4376
4377
4378
4379
4980
4981
4982
4983
5584
5585
5586
5587
6188
6189
6190
6191
6792
6793
6794
6795
7396
7397
7398
7399
8000
8001
8002
8003
8604
8605
8606
8607
9208
9209
9210
9211
9812
9813
9814
9815
10416
10417
10418
10418
10419
10420
11021
11022
11023
11024
11025
11626
11627
12230
12231
12232
12233
12234
12835
12837
12838
12839
13440
13441
13442
13443
14044
14045
14046
14047
14048
14649
14650
14651
14652
14653
15254
15255
15256
17674
17675
18277
18278
18279
18280
18281
18882
18883
18884
18885
18886
19487
19488
19489
19490
20091
20092
20093
20094
20095
20696
20697
20698
20699
20700
21305
21906
21907
22512
22513
22514
23115
23116
23117
23118
23119
23720
23721
23722
23723
24324
24325
24326
24327
24328
24929
24930
24931
24932
24933
25534
25535
25536
25537
26138
26139
26140
26141
26142
26743
26744
26745
26746
26747
27348
27349
29166
29767
29768
29769
29770
30371
30372
30373
30374
30375
32186
32187
32188
32189
32790
32791
32792
32793
32794
33395
33396
33397
33398
33399
34000
34001
34002
34003
34604
34605
34606
34607
34608
35209
35210
35211
35212
35213
35814
35815
35816
35817
36418
36419
36420
36421
36422
37023
37024
37025
37025
37026
37027
37628
37629
37630
37631
37632
38233
38234
38235
38236
38237
38838
38839
38840
38841
38842
38843
39444
39445
39446
39447
39448
40049
40050
40051
40052
40654
40655
40656
40657
40658
41259
41260
41261
41262
41263
41864
41865
41866
41867
41868
41869
42470
42471
42472
42473
42474
43075
43680
44288
44289
44890
44891
44892
44893
44894
45495
45496
45497
45498
45499
45500
46101
46102
46103
46104
46105
46706
46707
46708
46709
46710
47311
47312
49129
49130
49131
49732
49733
49734
49735
49736
50337
50338
50339
50340
50341
50942
50943
50944
50945
52157
52758
52759
52760
52761
52762
53363
53364
53365
53366
53367
53968
53969
53970
53971
53972
54573
54574
56997
56998
57599
359846
359247
358648
358049
357450
357451
356852
356253
355654
355055
354456
353857
353858
353259
352660
352061
351462
350863
350264
350265
349666
349067
348468
348468
347869
347270
346671
346672
346073
345474
344875
344276
343677
343678
343079
342480
341881
341282
340683
340684
340085
339486
338887
338887
338288
337689
337690
337091
336492
335893
335294
334695
334696
334097
333498
332899
332300
331701
331702
331103
330504
356193
356194
355595
355596
354997
354998
354399
354400
353801
353802
353203
353204
352605
352606
352007
352008
351409
351410
350811
350812
350213
350214
349615
349616
349017
349018
349019
348420
348421
347822
347823
347224
347225
346626
346627
346028
346029
345430
345431
344832
344833
344234
344235
343636
343637
343038
343039
342440
342441
341842
341843
341244
356193
359778
359779
359180
359181
359182
358583
358584
357985
357986
357987
357388
357389
356790
356791
356192
328141
327542
326943
326944
326345
325746
325147
324548
323950
323351
322752
322153
321554
321555
320956
319758
319159
319160
318561
317962
317363
316764
316165
316166
315567
314968
314369
313770
313771
313172
312573
311974
311375
311376
310777
310178
309579
308980
308381
308382
307783
307184
307184
306585
306586
305987
305988
305389
304790
304791
304192
303593
303594
302995
302996
302397
301798
301799
336465
336466
335867
335868
335869
335870
335271
335272
335273
335274
334675
334676
334677
334678
334079
334080
334081
334082
333483
333484
333485
333486
332887
332888
332889
332890
332291
332292
332293
332294
331695
331696
331697
331698
331099
331100
331101
331102
330503
336465
341245
341246
340647
340648
340049
340050
340051
339452
339453
338854
338855
338856
338257
338258
337659
337660
337661
337062
337063
336464
341245
