108953
108954
109555
109556
109557
109558
110159
110160
110161
110762
110763
110764
111365
111366
111367
111368
111969
111970
111971
112572
112573
112574
113175
113176
113177
113178
113779
113780
113780
113781
114382
114383
114384
114985
114986
114986
114987
115588
115589
115589
115590
116191
116192
116193
116194
116795
116796
116797
116798
117399
117400
117401
117402
118003
118004
118005
118006
118607
118608
118608
118609
119210
119212
119213
119814
119815
119816
119817
120418
120419
120420
120421
121022
121023
121024
121025
121626
121627
121628
122230
122231
122233
122834
122835
122836
122837
123438
123439
123440
124041
124042
124043
124044
124645
124646
124647
124648
125249
125250
125251
125252
125853
125854
125855
125856
126457
126458
126459
126460
127061
127062
127063
127064
127665
127666
127667
127668
128269
128270
128270
128271
128872
128873
128874
128875
129476
129477
129478
129479
130080
130081
130082
130683
130684
130685
130686
131287
131288
131289
131290
131891
131892
131893
132494
132495
132496
132497
133098
133099
133100
133701
133702
133703
133704
134305
134306
134307
134909
134910
134911
135512
135513
135514
135515
136116
136117
136118
136119
136720
136721
136722
137323
137324
137325
137326
137927
137928
137930
138531
138532
138533
139134
139135
139136
139137
139738
139739
139740
140341
140342
140343
140344
140945
140946
140947
140948
141549
141550
359449
358849
358249
357649
357050
356450
355850
355250
354651
354051
353451
352851
352252
351652
351052
350453
349853
349253
348653
348054
347454
346854
346254
345655
345055
344455
343855
343256
342656
342056
341456
340857
340257
339657
339057
338458
337858
337258
336658
336059
335459
334859
334259
333660
333060
332460
331860
331261
330661
330061
329461
328862
328262
327662
327062
326463
325863
325263
324663
324064
323464
322864
322264
321665
321065
320465
319865
319266
318666
318666
318067
317467
316868
316268
315669
315069
314470
313871
313271
312672
312072
311473
310873
310274
309675
309075
308476
307876
307277
306677
306078
305479
304879
304280
303680
303081
302481
301882
301283
300683
300084
299484
298885
298285
297686
297686
297087
296488
295889
295890
295291
294692
294093
293494
292895
292296
292297
291698
291099
290500
289901
289302
289303
288704
288105
287506
286907
286308
285709
285710
285111
284512
283913
283314
282715
282116
282117
281518
280919
280320
279721
279122
278523
278524
277925
277326
276727
276128
275529
275530
274931
274332
273733
273134
272535
271936
271937
271338
270739
270140
269541
268942
268343
268344
267745
267146
266547
265948
265349
264750
264751
264152
263553
262954
262355
261756
261757
261158
260559
259960
259361
258762
258163
258164
257565
256966
256367
255768
255169
254570
254571
253972
253373
252774
252175
251576
250977
250978
250379
249780
249181
248582
247983
247984
247385
246786
246187
245588
244989
244390
244391
243792
243193
242594
241995
241396
240797
240798
240199
239600
239001
238402
237803
237204
237205
236606
236007
235408
234809
234210
233611
233612
233013
232414
231815
231216
230617
230618
230019
229420
228821
228222
227623
227024
227025
226426
225827
225228
224629
224030
223431
223432
222833
222234
221635
221036
220437
219838
219839
219240
218641
218042
217443
216844
216845
216246
215647
215048
214449
213850
213251
213252
212653
212054
211455
210856
210257
209658
209659
209060
208461
207862
207263
206664
206065
206066
205467
204868
204269
203670
203071
203072
202473
201874
201275
200676
200077
199478
199479
198880
198281
197682
197682
197083
197084
196485
195886
195287
195288
194689
194090
193491
193492
192893
192294
191695
191696
191097
190498
189899
189900
189301
188702
188103
188104
187505
186906
186307
186308
185709
185110
184511
184512
183913
183314
182715
182716
182117
181518
180919
180920
180321
179722
179123
179124
178525
177926
177327
177328
176729
176130
175531
175532
174933
174334
173735
173736
173137
172538
171939
171940
171341
26939
26340
25741
25142
24543
23944
23345
23346
22747
22148
21549
20950
20351
19752
19153
18554
17955
17356
16757
16158
16159
15560
14961
14362
13763
13164
12565
11966
11367
10768
10169
9570
9571
8972
8373
7774
7175
6576
5977
5378
4779
4180
3581
2982
2383
2384
1785
1186
587
26939
82639
82040
81441
80842
80243
79644
79045
78446
78447
77848
77249
76650
76051
75452
74853
74254
73655
73056
72457
71858
71259
70660
70661
70062
69463
68864
68265
67666
67067
66468
65869
65270
64671
64072
63473
62874
62875
62276
61677
61078
60479
59880
59281
58682
58083
57484
56885
56286
55687
55088
55089
54490
53891
53292
52693
52094
51495
50896
50297
49698
49099
48500
47901
47302
46703
46704
46105
45506
44907
44308
43709
43110
42511
41912
41313
40714
40115
39516
38917
38918
38319
37720
37121
36522
35923
35324
34725
34126
33527
32928
32329
31730
31131
31132
30533
29934
29335
28736
28137
27538
82639
96416
95817
95218
94619
94020
93421
92822
92223
91624
91025
90426
89827
89228
88629
88030
87431
86832
86233
85634
85035
84436
83837
83238
96416
100011
99412
98813
98213
97614
97015
100011
104801
104202
103603
103604
103005
102406
101807
101208
101209
100610
104801
114986
114387
113788
113189
112590
111990
111391
110792
110193
109594
108995
108396
107797
107197
106598
105999
105400
114986
135348
134749
134150
133551
132952
132953
132354
131755
131156
130557
129958
129359
128760
128161
127562
127563
126964
126365
125766
125167
124568
123969
123370
122771
122772
122173
121574
120975
120376
119777
119178
118579
117980
117381
117382
116783
116184
115585
135348
177266
176667
176068
175469
175470
174871
174272
173673
173074
172475
171876
171877
171278
170679
170080
169481
168882
168283
168284
167685
167086
166487
165888
165289
165290
164691
164092
163493
162894
162295
161696
161697
161098
160499
159900
159301
158702
158103
158104
157505
156906
156307
155708
155109
154510
154511
153912
153313
152714
152115
151516
150917
150918
150319
149720
149121
148522
147923
147324
147325
146726
146127
145528
144929
144330
144331
143732
143133
142534
141935
141336
140737
140738
140139
139540
138941
138342
137743
137144
137145
136546
135947
177266
179661
179062
178463
178464
177865
179661
197028
196429
195830
195231
194632
194633
194034
193435
192836
192237
191638
191039
190440
190441
189842
189243
188644
188045
187446
186847
186248
186249
185650
185051
184452
183853
183254
182655
182056
182057
181458
180859
180260
197028
225767
225168
224569
224570
223971
223372
222773
222174
222175
221576
220977
220378
220379
219780
219181
218582
217983
217984
217385
216786
216187
215588
215589
214990
214391
213792
213793
213194
212595
211996
211397
211398
210799
210200
209601
209002
209003
208404
207805
207206
207207
206608
206009
205410
204811
204812
204213
203614
203015
202416
202417
201818
201219
200620
200621
200022
199423
198824
198225
198226
197627
225767
255101
254502
254503
253904
253305
252706
252707
252108
251509
250910
250911
250312
249713
249114
249115
248516
247917
247318
247319
246720
246121
245522
245523
244924
244325
243726
243727
243128
242529
241930
241931
241332
240733
240734
240135
239536
238937
238938
238339
237740
237141
237142
236543
235944
235345
235346
234747
234148
233549
233550
232951
232352
231753
231754
231155
230556
229957
229958
229359
228760
228161
228162
227563
226964
226365
226366
255101
295800
295201
295202
294603
294004
294005
293406
292807
292808
292209
291610
291611
291012
290413
290414
289815
289216
288617
288618
288019
287420
287421
286822
286223
286224
285625
285026
285027
284428
283829
283830
283231
282632
282633
282034
281435
281436
280837
280238
280239
279640
279041
279042
278443
277844
277845
277246
276647
276648
276049
275450
275451
274852
274253
274254
273655
273056
273057
272458
271859
271860
271261
270662
270663
270064
269465
269466
268867
268268
268269
267670
267071
267072
266473
265874
265275
265276
264677
264078
264079
263480
262881
262882
262283
261684
261685
261086
260487
260488
259889
259290
259291
258692
258093
258094
257495
256896
256897
256298
255699
255700
152256
151656
151057
150457
149857
149258
148658
148058
147459
146859
146259
145660
145060
144460
143860
143261
142661
142061
141462
140862
140262
139063
138463
137864
137264
136664
136065
134865
134266
133666
133067
132467
131867
131268
130668
130069
129469
128870
128270
325630
325031
324431
323832
303453
302854
299258
298658
298059
297460
296860
295662
295062
294463
293864
293264
292665
292065
283075
282476
281876
281277
280677
280078
279479
278879
278280
275883
275283
274684
274084
273485
272886
272286
271687
271088
260299
259700
259100
258501
257902
257302
256703
247113
246514
245914
245315
244715
244116
243517
242917
242318
241719
241119
240520
239921
239321
238722
238122
237523
236924
236324
235725
235126
234526
233927
233328
232728
232129
231529
230930
229731
229132
222539
221940
221340
220741
220141
219542
218943
218343
325630
328624
328025
327426
326827
326828
326229
147544
146945
146345
145746
145146
144547
143948
143348
142749
142149
147544
188284
188885
189486
190087
190088
190689
191290
191891
192492
193093
193094
193695
194296
194897
353592
352993
352993
352394
351795
351196
350597
350598
356741
356742
357343
357344
357344
356745
356746
356147
355548
355549
354950
354951
354352
353753
353754
353155
352556
352557
351958
351359
351360
350761
323810
323211
322611
322011
321412
320812
320212
319613
319013
319013
318413
317814
313017
312417
311818
311218
310618
310019
309419
308820
308220
307620
307021
306421
305821
305222
304622
304023
303423
302823
302224
301624
301025
300425
299825
299226
298626
298026
297427
296827
296228
295628
295028
294429
293829
293230
292630
292030
291431
290831
290231
289632
289032
288433
287833
287233
286634
286034
285435
284835
284235
283636
283036
282436
281837
281237
280638
280038
279438
278839
278239
277640
277040
276440
275841
275241
274042
273442
272843
272243
271643
271044
270444
264448
263848
263249
262649
261450
260850
259651
257852
254854
253655
253055
252456
251856
251257
357344
357945
357946
358547
358548
359149
359750
359751
141550
141551
142152
142153
142154
142155
142756
142757
142758
142759
143360
143361
143362
143963
143964
143965
143966
144567
144568
144569
145170
145171
145172
145173
145774
145775
145776
145777
146378
146379
146380
146981
146982
146983
146984
147585
147586
147587
148188
148189
148190
148191
148792
148793
148794
148795
149396
149397
149398
149999
108953
108354
107755
107156
106557
105958
105359
104760
104761
104162
103563
102964
102365
101766
101167
108953
96320
96321
96322
96323
96324
96925
97540
98141
98142
98143
98144
98145
98146
98147
98148
98749
98750
98751
98752
98753
98754
98755
98756
99357
99358
99359
99360
99361
99362
99363
99364
99965
99966
99967
99968
96320
211682
211083
210483
209884
209284
208685
208085
200892
200292
199693
199093
198494
197894
197295
196695
196096
195496
211682
230262
229663
229063
228464
227865
227265
226666
226067
225467
224868
224268
223669
223070
222470
221871
221272
220672
220073
219474
218874
218275
217676
217076
216477
215877
215278
214679
214079
213480
212881
212281
230262
238661
238061
237461
236861
236261
235661
235061
234461
233862
233262
232662
232062
231462
230862
108428
108429
109030
109031
109032
109033
109634
109635
109636
109637
110238
110239
110240
110241
110842
110843
110844
110845
111446
111447
111448
112049
112050
112051
112052
112653
112654
112655
112656
113257
113258
113259
113260
113861
113862
113863
114464
114465
114466
114467
115068
115069
115070
115071
115672
115673
115674
115675
116276
116277
116278
116880
116881
116882
117483
117484
117485
117486
118087
118088
118089
118691
118692
118693
118694
119295
119296
119297
119298
119899
119900
119901
120502
120503
120504
120505
121106
121107
121108
121109
121710
121711
121712
121713
122314
122315
122316
122917
122918
122919
122920
123521
123522
123523
123524
124126
124127
124128
124729
124730
124731
124732
125333
125334
125335
125936
125937
125938
125939
126540
126541
126542
126543
127144
127145
127146
127147
127748
127749
127750
128351
128352
128353
128354
128955
128956
128957
128958
129559
129560
129561
129562
130163
130164
130165
130166
130767
130768
130769
131370
131371
131372
131373
131974
131975
131976
131977
132578
132579
132580
132581
133182
133183
133184
133185
133786
133787
133788
134389
134390
134391
134392
134993
134994
134995
134996
135597
135598
135599
108428
287400
286801
286202
285603
285004
285005
284406
283807
283208
282609
282010
281411
280812
280813
280214
279615
279016
278417
277818
277219
277220
276621
276022
275423
274824
274225
273626
273027
273028
272429
271830
271231
270632
269434
268835
268836
268237
267638
267039
266440
265841
265242
264643
264644
264045
263446
262847
262248
261649
261050
260451
260452
259853
259254
258655
258056
257457
256858
256859
256260
255661
255062
254463
253864
253265
252666
252667
252068
251469
250870
250271
249672
249073
248474
248475
247876
247277
246678
246079
245480
244881
244282
244283
243684
243085
242486
241887
241288
240689
240090
240091
239492
238893
238294
237695
237096
236497
235898
235899
235300
234701
234102
233503
232904
232305
232306
231707
231108
229910
229311
228712
228113
228114
227515
226916
226317
225718
225119
224520
223921
223922
223323
222724
222125
221526
220927
220328
219729
219730
219131
218532
217933
217334
216735
216136
215537
215538
214939
214340
213741
213741
213142
213143
212544
211945
211346
211347
210748
210149
209550
209551
208952
208353
207754
207755
207156
206557
205958
205959
205360
204761
204162
204163
203564
202965
202366
202367
201768
201169
201169
200570
200571
199972
199373
199374
198775
198176
198177
197578
196979
196980
196381
195782
195783
195184
194585
194586
193987
193388
193389
192790
192191
192192
191593
190994
190995
190396
317462
317463
318064
318065
183272
182673
182074
181475
180876
180877
180278
179679
179080
178481
177882
177283
176684
176085
176086
175487
174888
174289
173690
173091
172492
171893
171294
171295
170696
170097
169498
168899
168300
167701
167102
166503
166504
165905
165306
164707
164108
163509
162910
162311
161712
161713
161114
160515
159916
159317
158718
158119
157520
156921
156322
153927
153328
152729
152130
151531
151532
150933
150334
149735
149136
148537
147938
147339
146740
146741
146142
145543
144944
144345
143746
143147
142548
141949
141950
141351
140752
140153
183272
174860
174261
173662
173063
173064
172465
171866
171267
170668
170069
169470
168871
168872
168273
167674
167075
166476
165877
165278
165279
164680
164081
163482
162883
162284
161685
161086
161087
160488
159889
159290
158691
158092
157493
157494
156895
156296
155697
155098
154499
153900
153901
153302
152703
152104
151505
150906
150307
149708
149709
149110
148511
147912
147313
146714
146115
146116
145517
144918
144319
143720
143121
142522
141923
141924
141325
140726
140127
139528
138929
138330
138331
137732
137133
136534
135935
135336
134737
134138
134139
133540
132941
132342
234493
226119
225521
224922
224923
224324
223725
223726
223127
223128
222529
222530
221931
221932
221333
220734
220735
220136
220137
219538
219539
218940
218941
218342
218343
234493
235689
235690
235091
235092
248849
248850
248251
248252
247653
247654
247055
247056
267885
267886
266695
266696
266697
266100
266101
265504
267885
359512
358912
358312
357713
357113
357113
356513
319395
318796
294846
294247
293648
293049
292450
291851
291252
290653
290054
289455
288856
288256
287657
287058
286459
285860
285261
285261
284662
284063
283463
282864
282265
281666
281067
280468
279868
279269
278670
278071
277472
276873
276273
275674
275075
274476
273877
273278
272678
272079
271480
270881
270282
269683
269083
268484
267885
267885
267286
266686
266087
265488
264889
264289
263690
263091
262492
261892
261293
260694
260095
259495
258896
258297
257698
257098
256499
255900
255301
254701
254102
253503
252904
252304
251705
251106
250507
249907
249308
248709
248110
247510
246911
246312
245713
245113
244514
243915
243915
243316
242716
242117
241518
240919
240319
239720
239121
238522
237922
237323
236724
236125
235525
211611
211612
217032
217633
218235
218836
219437
220038
220039
220640
221241
221242
221843
221843
222444
222445
223046
223647
224248
224249
224850
225451
226052
226053
226654
227255
227856
227857
228458
229059
229660
229661
230262
230262
230263
230264
230865
230866
230867
230868
231469
231470
231471
231472
232074
233282
233283
233284
233285
233887
233888
234491
234492
234493
230150
230150
233151
232551
231951
231350
230750
259564
258964
258363
292575
291975
291375
290775
290175
289574
292575
294976
294376
293776
293175
305185
304584
303984
303383
302783
305185
319013
2303
1702
1101
501
2303
19125
18524
17923
17323
16722
16121
15520
14920
14319
13718
13117
12516
11916
11315
10714
10113
9512
8912
8311
7710
7109
6509
5908
5307
4706
4105
3505
2904
19125
138728
138128
137528
136928
136328
135727
135127
134527
133927
133327
132727
132127
131527
130927
130326
129726
129126
128526
127926
127326
126726
126126
125526
124925
124325
123725
123125
122525
121925
121325
120725
120125
119524
118924
118324
117724
117124
116524
115924
115324
114724
114123
113523
112923
112323
111723
111123
110523
109923
109323
108722
108122
107522
106922
106322
105722
105122
104522
103921
103321
102721
102121
101521
100921
100321
99721
99121
98520
97920
97320
96720
96120
95520
94920
94320
93720
93119
92519
91919
91319
90719
90119
89519
88919
88319
87718
87118
86518
85918
85318
84718
84118
151882
151883
151284
151285
150686
150687
150088
150089
149490
149491
144707
144708
144109
144110
143511
141119
140521
140522
139923
139924
139325
139326
138727
138728
45758
45158
44558
43958
43358
42758
42158
41558
40958
40358
39758
39158
38558
37958
37358
36758
36158
35558
34958
34358
33759
33159
32559
31959
31359
30759
30159
29559
28959
28359
27759
27159
26559
25959
25359
24759
24159
23559
22959
22359
21759
21159
20559
19959
19359
18759
18159
17559
16959
16359
15759
15159
14559
13959
13359
12759
12159
11559
10959
10359
9759
9159
8559
7959
7360
6760
6160
5560
4960
4360
3760
3160
2560
1960
1360
760
160
72163
71563
70963
70363
69763
69162
68562
67962
67362
66762
66162
65562
64962
55960
49358
48758
48158
72163
79964
79364
78764
78164
77564
76964
76364
75763
75163
74563
73963
73363
72763
79964
61200
63018
63019
63020
63621
63622
63623
63624
63625
64226
64227
64228
64229
64230
64831
64832
64833
64834
64835
65436
65437
65438
65439
65440
66041
66042
66043
67256
67857
67858
67859
67860
67861
68462
68463
68464
68465
68466
69067
69068
69069
69070
69071
69672
69673
69674
69675
69676
69677
70278
70279
70280
70281
70282
70883
70884
70885
70886
70887
71488
71489
71490
71491
71492
72093
72094
72095
72096
72097
72698
72699
72700
72701
72702
72703
73304
73305
73306
73307
73308
75120
75121
75122
75123
75124
75725
75726
75727
75728
75729
76330
76331
76332
76333
76334
78751
78752
78753
78754
78755
78756
79357
79358
79359
79360
79361
79962
79963
79964
79964
79965
79966
80567
80568
80569
80570
80571
80572
81173
82993
82994
82995
83596
83597
83598
83599
83600
83601
84202
84203
84204
84205
84206
84207
84808
84809
84810
84811
84812
84813
85414
86022
86023
86024
86625
86626
86627
88444
88445
88446
88447
89048
89049
89050
89051
89052
89053
89654
89655
89656
92080
92081
92082
92683
92684
92685
92686
92687
92688
93289
93290
93291
94502
94503
94504
94505
95106
95107
95108
95109
95110
95111
95712
95713
95714
95715
95716
95717
96318
96319
96320
217744
217145
217146
216547
215948
215949
215350
214751
214752
214153
213554
213555
212956
212357
212358
211759
211160
211161
210562
209963
209964
209365
208766
208767
208168
207569
207570
206971
206372
206373
205774
205175
205176
204577
203978
203979
203380
202781
202782
202183
201584
201585
200986
200387
200388
199789
199190
199191
198592
197993
197994
197395
196796
196797
196198
195599
217744
292237
291638
291639
291040
233567
232370
231771
230574
229975
228778
228179
227581
226982
226383
225785
225186
224587
224588
223989
223390
222791
222792
222193
221594
220995
220996
220397
219798
219199
219200
218601
218002
217403
217404
216805
216206
215607
215608
215009
214410
213811
213213
212614
212015
212016
211417
210818
210219
210220
209621
209022
208423
208424
207825
207226
206627
206628
206029
205430
204831
204832
204233
203634
203035
203036
202437
201838
201239
201240
200641
200042
198246
197647
197648
197049
196450
195851
195852
195253
194654
194055
194056
188667
188668
188069
187470
187470
186871
183278
182679
182081
181482
180883
180284
179685
179086
179087
178488
177889
177290
176691
176092
176093
175494
174895
174296
173697
173098
172499
172500
171901
171302
170104
169505
169506
167110
166511
165912
165913
165314
164715
162918
162919
162320
161721
161122
159924
159325
159326
158727
158128
157529
156930
156331
156332
155733
151541
150942
150343
149744
149745
149146
148547
147948
147349
146750
146151
143756
143157
143158
142559
141960
141361
141361
140762
140163
140164
139565
138966
138367
138368
137769
137170
137170
136571
135972
135973
135374
134775
134176
133577
132978
132979
132380
131781
131182
130583
130584
129985
129386
128787
128188
128189
127590
126991
126392
125793
125194
125195
124596
123997
123997
123398
122799
122800
122201
121602
121003
120404
119805
119806
119207
118608
118608
118009
117410
116811
116812
116213
115614
115015
114416
113817
113818
113219
112620
112021
111422
110823
110224
110225
109626
109027
108428
108428
107828
107229
106629
106029
105429
104830
104230
103630
103030
102431
101831
101831
101231
100631
100032
99432
98832
98232
97633
97033
96433
95833
95234
94634
94034
93434
92835
92235
92235
91636
91037
90438
89839
89240
88641
88642
88043
87444
86845
86246
85647
85048
84449
83850
83251
82652
82053
81454
81455
80856
80257
79658
79059
78460
77861
77262
76663
76064
75465
74866
74267
74268
73669
73070
72471
71872
71273
70674
70075
69476
68877
68278
67679
67080
66481
66482
65883
65284
64685
64086
63487
62888
62289
61690
61091
60492
59893
59294
59295
58696
58097
57498
56899
56300
55701
55102
54503
53904
53305
52706
52107
51509
50910
50311
49712
49113
48514
47915
47316
46717
46118
45519
44920
44921
44322
43723
43124
42525
41926
41327
40728
40129
39530
38931
38332
37733
37734
37135
36536
35937
35338
34739
34140
33541
32942
32343
31744
31145
30546
30547
29948
29349
28750
28151
27552
26953
26354
25755
25156
24557
23958
23359
22760
22761
22162
21563
20964
20365
19766
19167
18568
17969
17370
16771
16172
15573
15574
14975
14376
13777
13178
12579
11980
11381
10782
10183
9584
8985
8386
8387
7788
7189
6590
5991
5392
4793
4194
3595
2996
2397
1798
1199
9439
8840
8241
8242
7643
9439
15435
14835
14236
13636
11238
10638
10039
15435
19036
18436
17836
17236
16635
16035
19036
46073
45472
44871
44271
43670
43069
42468
41266
40666
40065
39464
38863
38262
37661
37061
36460
35859
35258
34657
34057
33456
32855
32254
31653
31052
30452
29851
29250
28649
28048
27448
26847
26246
25645
25044
24443
23843
23242
22641
22040
21439
20838
20238
19637
46073
105405
105406
105407
106008
106009
106010
106011
106612
106613
106614
106615
106616
107217
107218
107219
107220
107221
107822
107823
107824
107825
108426
108427
105405
104801
104802
104803
105404
104801
104197
104198
104199
104800
104197
99969
99970
99971
100573
100574
100575
101176
101177
101178
101179
101780
101781
101782
101783
102384
102385
102386
102387
102988
102989
102990
102991
103592
103593
103594
103595
104196
99969
108428
107827
107227
106626
106026
105425
104824
104224
103623
103022
102422
101821
101221
100620
100620
100020
99419
98819
98218
98218
97617
97017
96416
96416
95816
95216
94615
94015
94015
93415
92815
92215
91615
91015
90415
89815
89215
88615
88015
87415
86815
86215
86215
85615
85016
84416
83817
83217
82617
82018
81418
80819
80219
79619
79020
78420
77821
77221
76622
76022
75422
74823
74223
73624
73024
72424
71825
71225
70626
70026
96975
96376
95777
95178
94579
94580
93981
93382
92783
92184
91585
90986
90387
90388
89789
89190
88591
87992
87393
86794
86195
85596
85597
84998
84399
83800
83201
82602
82003
81404
81405
80806
80207
79608
79009
78410
77811
77212
76613
76614
76015
75416
74817
74218
73619
73020
72421
72422
71823
71224
70625
96975
99969
99370
98771
98772
97574
99969
190396
189797
189198
188599
188600
188001
187402
186803
186204
185605
185006
184407
184408
183809
183210
182611
182012
181413
180814
180815
180216
179617
179018
178419
177820
177221
176622
176623
176024
175425
174826
174227
173628
173029
173030
172431
171832
171233
170634
170035
169436
168837
168838
168239
167640
167041
166442
165843
165244
165245
164646
164047
163448
162849
162250
161651
161052
161053
160454
159855
159256
158657
158058
157459
157460
156861
156262
155663
155064
154465
153866
153267
153268
152669
152070
151471
150872
150273
149674
149675
149076
148477
147878
147279
146680
146081
146082
145483
144884
144285
143686
143087
142488
141889
141890
141291
140692
140093
139494
138895
138296
138297
137698
137099
136500
135302
134703
134104
134105
133506
132907
132308
131709
131110
130511
130512
129913
129314
128715
128116
127517
126918
126319
126320
125721
125122
124523
123924
123325
122726
122727
122128
121529
120930
120331
119732
119133
118534
118535
117936
117337
116738
116139
115540
114941
114942
114343
113744
113145
112546
111947
111348
110749
110750
110151
109552
108953
19125
18526
17927
17328
16729
16130
15531
15532
14933
14334
13735
13136
12537
11938
11339
10740
10141
9542
8943
8344
7745
7746
7147
6548
5949
5350
4751
4152
3553
2954
2355
1756
1157
558
19125
46073
45474
44875
44276
44277
43678
43079
42480
41881
41282
40683
40084
40085
39486
38887
38288
37689
37090
36491
36492
35893
35294
34695
34096
33497
32898
32899
32300
31701
31102
30503
29904
29305
28706
28707
28108
27509
26910
26311
25712
25113
25114
24515
23916
23317
22718
22119
21520
20921
20922
20323
19724
46073
70026
69427
68229
68230
67631
67032
66433
65834
65235
64636
64637
64038
63439
62840
62241
61642
61643
61044
60445
59247
58648
58049
58050
57451
56852
56253
55654
55055
54456
54457
53858
53259
52660
52061
51462
51463
50265
49666
49067
48468
47870
47271
46672
70026
171341
171342
171343
171344
170745
170746
170747
170748
170749
170750
170751
170152
170153
170154
170155
170156
170157
170158
169559
169560
169561
169562
169563
169564
169565
169566
168967
168968
168969
168970
168971
168972
168973
168374
168375
168376
168377
168378
168379
168380
167781
167782
167783
167784
167785
167786
167787
167188
167189
167190
167191
167191
167192
167193
167194
167195
167196
167197
167198
167199
167200
167201
167802
167803
167804
167805
167806
167807
167808
167809
167810
167811
167812
167813
167814
167815
167816
167817
167818
167819
167820
167821
167822
167823
168424
168425
168426
168427
168428
168429
168430
168431
168432
168433
168434
168434
169035
169036
169637
170238
170239
170840
171441
171442
172043
172644
172645
173246
173847
173848
174449
175050
175051
175652
176253
176254
176855
177456
177457
178058
178059
178660
179261
179262
179863
180464
180465
181066
181667
181668
182269
182870
182871
183472
184073
184074
184675
185276
185277
185878
186479
186480
187081
187682
187683
188284
188284
187685
187085
186486
185886
185287
184688
184088
183489
182889
182290
181691
181091
180492
179892
179293
178694
178094
177495
176895
176296
175697
175097
174498
173898
173299
172700
172100
171501
170901
170302
152256
152857
152858
153459
154060
154061
154662
155263
155264
155865
156466
156467
157068
157069
157670
158271
158272
158873
159474
159475
160076
160677
160678
161279
161880
161881
162482
163083
163084
163685
164286
164287
164888
165489
165490
166091
166092
166693
167294
167295
167896
168497
168498
169099
169700
169701
152256
147408
147409
147410
148013
148014
148618
148619
148620
148621
148622
148623
149224
149225
149226
149227
149228
149229
149830
149831
149832
149833
149834
149835
150436
150437
150438
151650
151651
151652
151653
152254
152255
147408
149787
149788
149789
149190
149191
149192
149193
149194
148595
148596
148597
148598
148599
148600
148001
148002
148003
148004
148005
147406
147407
149787
156367
155768
155769
155170
155171
154572
154573
153974
153975
153376
153377
152778
152179
152180
151581
151582
150983
150984
150385
150386
156367
171341
170742
170143
169544
168945
168346
167747
167148
166549
165950
165351
164752
164153
164154
163555
162956
162357
161758
161159
160560
159961
159362
158763
158164
157565
156966
171341
156367
155767
155167
154567
153967
153367
152768
152168
151568
141969
141369
140769
139570
138970
138370
137770
156367
185068
184469
184470
183871
183272
197682
197081
196481
195880
195279
194678
194078
193477
192876
192276
191675
191074
190474
189873
189272
188671
188071
187470
187470
186870
186269
185669
185068
185068
184467
183866
183266
182665
182064
181463
181463
180862
180262
179661
178459
179060
178459
178459
177858
177258
176657
176657
176058
175459
174860
101831
101832
102433
102434
102435
102436
103037
103038
103039
103040
103641
103642
103643
103644
104245
104246
104247
104248
104849
104850
104851
105452
105453
105454
105455
106056
106057
106058
106059
106660
106661
106662
106663
107264
107265
107266
107267
116925
116926
116927
116928
117529
117530
117531
117532
118133
118134
118135
118736
118737
118738
118739
119340
119341
119342
119343
119944
119945
119946
119947
120548
120549
120550
120551
121152
121153
121154
121155
121756
121757
121758
122359
122360
122361
122362
122963
122964
122965
122966
123567
123568
123569
123570
124171
124172
124173
124174
124775
124776
124777
125378
125379
125380
125381
125982
125983
125984
125985
126586
126587
126588
126589
127190
127191
127192
127193
127794
127795
127796
128397
128398
128399
101831
100620
100621
100622
101223
101224
101225
101226
101227
101228
101829
101830
100620
100014
100015
100016
100017
100618
100619
100014
100011
100012
100013
100011
99406
99407
99408
100009
100010
99406
96975
96976
96977
96978
97579
97580
97581
97582
97583
97584
97585
97586
98187
98188
98189
98190
98191
98192
98193
98194
98795
98796
98797
98798
98799
98800
98801
98802
99403
99404
99405
96975
194897
194298
193698
193099
192499
191900
191301
190701
190102
189502
188903
188304
187704
187105
186505
185906
185307
184707
184108
183508
182909
182309
181710
181111
180511
179912
179312
178713
178114
177514
176915
176315
175716
175117
174517
173918
173318
172719
172120
171520
170921
170321
169722
169123
168523
167924
167324
166725
166126
165526
164927
164327
163728
163129
162529
161930
161330
160731
160132
159532
158933
158333
157734
157134
156535
155936
155336
154737
154137
153538
152939
152339
151740
151140
150541
149942
149342
148743
148143
194897
135466
136067
136068
136069
136070
136671
136672
136673
136674
137275
137276
137277
137278
137879
137880
137881
137882
138483
138484
138485
138486
139087
139088
139089
139090
139691
139692
139693
139694
140295
140296
140297
140298
140899
140900
140901
140902
141503
141504
141505
141506
142107
142108
142109
142110
142711
142712
142713
142714
143315
143316
143317
143318
143919
143920
143921
143922
144523
144524
144525
144526
145127
145128
145129
145130
145731
145732
145733
145734
146335
146336
146337
146338
146939
146940
146941
146942
147543
123997
123998
124599
124600
124601
124602
125203
125204
125205
125806
125807
125808
125809
126410
126411
126412
126413
127014
127015
127016
127617
127618
127619
128221
128222
128223
128824
128825
128826
128827
129428
129429
129430
129431
130032
130033
130034
130635
130636
130637
130638
131239
131240
131241
131842
131843
131844
131845
132446
132447
132448
133049
133050
133051
133052
133653
133654
133655
133656
134257
134258
134259
134860
134861
134862
134863
135464
123997
147544
147545
148146
148147
148148
148149
148750
148751
148752
148753
149354
149355
149356
149357
149958
149959
149960
149961
150562
150563
150564
151165
151166
151167
151168
151769
151770
151771
151772
152373
152374
152375
152376
152977
152978
152979
153580
153581
153582
153583
154184
154185
154186
154187
154788
154789
154790
154791
155392
155393
155394
155395
155996
155997
155998
156599
147544
87593
87594
88195
88196
85191
84590
83989
83389
82788
85191
87593
86993
86392
85792
87593
92394
91794
91194
90594
89994
89393
88793
88193
92394
98394
97794
97194
96594
95994
95394
94794
94194
93594
92994
98394
106194
105594
104994
104394
103794
103194
102594
101994
101394
100794
100194
99594
98994
106194
112792
112192
111592
110993
110393
109793
109193
108593
107993
107394
106794
112792
121189
120589
119989
119390
118790
118190
117590
116990
116391
115791
115191
114591
113992
113392
121189
85084
84485
83886
83287
82688
82089
81490
80891
80892
80293
79694
79095
78496
77897
77298
76699
75501
74902
74303
73704
73105
73106
72507
71908
71309
70710
70111
69512
68913
68314
67715
67116
66517
61726
59929
59330
58731
57534
56935
56336
53940
53341
53341
52742
52143
51544
50945
50346
50347
49748
49149
48550
47951
47352
46753
46154
45555
44956
44357
44358
43759
43160
42561
41962
41363
40764
40165
39566
38967
38368
38369
37770
37171
36572
35973
35374
34775
34176
33577
32978
30583
29984
27588
26989
26390
25791
25792
25193
24594
23995
23396
22797
22198
21599
53341
97125
96525
95925
95326
94726
94126
93526
92927
92327
91727
91127
90527
89928
89328
88728
88128
87529
86929
85729
85129
84530
83930
83330
82730
82130
81531
80931
80331
79731
79132
78532
77332
76732
64737
64137
63537
62937
62338
61738
61138
60538
59939
59339
58739
58139
57539
56340
55740
55140
54541
53941
97125
85084
85085
85686
85687
86288
86289
86890
86891
87492
87493
88094
88095
88696
88697
89298
89900
89901
90502
90503
91707
92308
92309
92910
92911
93512
93513
94114
94115
94716
94717
95318
95319
95920
95921
96522
96523
97124
85084
341673
341674
341075
340476
339877
339278
338679
355993
355393
354793
354193
353593
352993
352993
352393
351793
351193
350593
349993
349393
348793
348193
347593
346993
346393
345793
345193
344593
