243840
243841
243242
243243
243244
243245
242646
242647
242648
242049
242050
242051
241452
241453
241454
241455
240856
240857
240858
240259
240260
240261
239662
239663
239664
239665
237272
236673
236074
235475
234876
234877
234278
233679
233080
232481
231882
231283
231283
230684
230085
229486
228887
228288
227689
227690
227091
226492
225893
225294
224695
224096
223497
222898
222299
221700
221101
221102
220503
219904
219305
218706
218107
217508
216909
216310
215711
214514
213915
213316
212717
212118
211519
210920
210321
209722
209123
208524
207925
207926
207327
206728
206129
205530
204931
204332
203733
203134
202535
201936
201337
201338
200739
200140
199541
198942
198343
197744
197145
196546
195947
195348
194749
194750
194151
193552
192953
192354
189359
188760
188161
188162
187563
186964
186365
185766
185167
184568
183969
183370
182771
182172
181573
181574
180975
180376
179777
179178
178579
177980
177381
176782
176183
174985
174986
174387
173788
173189
172590
171991
171392
170793
170194
169595
168996
168397
168398
167799
167200
166601
166002
165403
164804
164205
163606
163007
162408
161809
161810
161211
160612
160013
159414
158815
158216
157617
157018
156419
155820
155221
155222
154623
151628
151029
150430
149831
149232
148633
148634
148035
147436
146837
145040
144441
143842
143243
142644
142045
142046
141447
140848
140249
139650
139051
138452
136056
135457
135458
134859
134260
133661
133062
132463
131864
131265
128870
128271
127672
127073
126474
125875
125276
124677
124078
122282
121683
121084
120485
119886
119287
118688
118089
117490
116891
116292
113897
113298
112699
112100
111501
110902
110303
109704
109105
109106
108507
105512
104913
104314
103715
103116
102517
102518
101919
101320
97726
97127
96528
95929
95930
95331
94732
94133
93534
92935
92336
91737
91138
90539
89940
89341
89342
88743
88144
87545
86946
86347
85748
243840
243240
242640
242041
241441
240841
240241
239642
239042
238442
237842
237243
236643
236043
235443
234844
234244
233644
233044
232445
231845
231245
230645
230046
229446
228846
228246
227647
227047
226447
225847
225248
224648
224048
223448
222849
222249
221649
221049
220450
219850
219250
218650
218051
217451
216851
216251
215652
215052
213852
213253
212653
212053
211453
210854
210254
209654
209054
208455
207855
207255
206655
206056
205456
204856
204256
203657
203057
202457
201857
201258
200658
200058
199458
198859
198259
197659
197059
196460
195860
195260
194660
193461
192861
192261
191662
191062
190462
189862
189263
188663
188063
187463
186864
186264
185664
185064
184465
183865
183265
182665
182066
181466
180866
180266
179667
179067
178467
177867
177268
176668
176068
175468
174869
174269
173069
172470
171870
171270
170670
170071
169471
168871
168271
167672
167072
166472
165872
165273
164073
260661
260061
259461
258862
258262
257662
257062
256463
255863
255263
254663
254064
253464
252864
252264
251665
251065
250465
249865
249266
248666
248066
247466
246867
246267
245667
245067
244468
243868
243268
242668
242069
241469
240869
240269
239670
239070
260661
22800
22801
22802
23403
23404
23405
23406
23407
24008
24009
24010
24011
24612
24613
24614
24615
24616
25217
25218
25219
25220
25221
25822
25823
25824
25825
26426
26427
26428
26429
26430
27031
27032
27033
27034
27035
27636
27637
27638
27639
28240
28241
28242
28243
28244
28845
28846
28847
28848
28849
29450
29451
29452
29453
29454
30055
30056
30057
30058
30659
30660
30661
30662
30663
31264
31265
31266
31267
31268
31869
31870
31871
31872
32473
32474
32475
32476
32477
33078
33079
33080
33081
33082
33683
33684
33685
33686
34287
34288
34289
34290
34291
34892
34893
34894
34895
34896
35497
35498
35499
35500
36101
36102
36103
36104
36105
36706
36707
36708
36708
36709
36110
36111
36112
35513
35514
35515
34916
34917
34918
34319
34320
34321
33722
33723
33723
33123
32524
31924
31324
30725
30125
29525
28926
28326
27726
27126
26527
25927
25327
24728
24128
23528
22929
22329
22329
21728
21127
20527
19926
19325
18724
18124
17523
16922
16321
15720
15120
14519
13918
13
14
15
16
617
618
619
620
621
1222
1223
1224
1225
1826
1827
1828
1829
1830
2431
2432
2433
2434
3035
3036
3037
3038
3039
3640
3641
3642
3643
4244
4245
4246
4247
4248
4849
4850
4851
4852
5453
5454
5455
5456
5457
6058
6059
6060
6061
6662
6663
6664
6665
6666
7267
7268
7269
7270
7871
7872
7873
7874
7875
8476
8477
8478
8479
9080
9081
9082
9083
9084
9685
9686
9687
9688
10289
10290
10291
10292
10293
10894
10895
10896
10897
11498
11499
11500
11501
11502
12103
12104
12105
12106
12707
12708
12709
12710
12711
13312
13313
13314
13315
13916
13917
7495
6896
6296
5696
5096
4497
3897
3297
2697
2097
1498
898
298
51878
51278
50678
50079
47680
47080
46480
45880
45281
44681
44081
43481
42882
42282
41682
41082
40482
39883
39283
38683
38083
37484
36884
36284
35684
35085
34485
33885
33285
32686
32086
31486
30886
30286
29687
29087
28487
27887
27288
26688
26088
25488
24889
24289
23689
23089
22490
21890
21290
20690
20091
51878
96861
96261
95661
95062
94462
93862
93262
92663
92063
91463
90863
90263
89664
89064
88464
87864
87265
86665
86065
85465
84866
84266
83666
83066
82466
81867
81267
80667
80067
79468
78868
78268
77668
77068
76469
75869
75269
74669
74070
73470
72870
72270
71671
71071
70471
69871
69271
68672
68072
67472
66872
66273
65673
65073
64473
63873
63274
62674
62074
61474
60875
60275
59675
59075
58476
57876
57276
56676
56076
55477
54877
54277
53677
53078
52478
96861
164635
164035
163435
162836
162236
161636
161036
160437
159837
159237
158637
158038
157438
156838
156238
137645
137046
136446
135846
135246
134647
134047
133447
132847
128649
128049
123851
123251
122651
122051
121452
120852
120252
119652
119052
118453
117853
117253
116653
116054
115454
114854
107057
106457
105858
105258
104658
104058
103458
102859
102259
101659
101059
100460
99860
99260
98660
98061
97461
164635
176040
175440
174839
174239
173639
173039
172438
171838
171238
170638
170037
169437
168837
168237
167636
167036
166436
165836
165235
176040
192834
192234
191634
191035
190435
189835
189235
188635
188036
187436
186836
186236
185637
185037
184437
183837
183237
182638
182038
181438
180838
180238
179639
179039
178439
177839
177240
176640
192834
207227
206627
206028
205428
204828
204228
203629
203029
202429
201830
201230
200630
200030
199431
198831
198231
197632
197032
196432
195833
195233
194633
194033
193434
207227
218016
217417
216817
216218
215618
215019
214420
213820
213221
212621
212022
211423
210823
210224
209625
209025
208426
207826
218016
234794
234195
233596
232996
232397
231798
231199
230599
230000
229401
228802
228203
227603
227004
226405
225806
225207
224607
224008
223409
222810
222210
221611
221012
220413
219814
219214
218615
234794
213084
212484
211884
211285
210685
210085
209485
208886
208286
207686
207086
206487
205887
205287
204687
204088
203488
202888
202288
201689
201089
200489
199889
199290
198690
198090
197490
196891
196291
184296
183696
183096
182496
181896
181297
180697
180097
179497
162104
161504
160904
160305
159705
159105
158505
157906
157306
156706
156106
154907
154307
353509
352909
352309
351710
351110
350510
349910
349311
348711
348111
347511
346911
346312
345712
345112
344512
343912
343313
342713
342113
341513
340914
340314
339714
339114
338514
337915
337315
336715
336115
335516
334916
334316
333716
333116
332517
331917
331317
330717
330118
329518
328918
328318
327718
327119
326519
325919
325319
324719
324120
323520
322920
322320
321721
321121
320521
319921
319321
318722
318122
317522
316922
316323
315723
315123
314523
313923
313324
312724
312124
311524
310924
310325
309725
309125
308525
307926
307326
306726
306126
305526
304927
304327
303727
303127
302528
301928
301328
300728
300128
299529
298929
298329
297729
297129
288733
288133
287533
286933
286333
285734
285134
284534
283934
283335
282735
282135
281535
280935
280336
279736
279136
278536
277936
277337
276737
276137
275537
274938
274338
273738
273138
272538
271939
271339
270739
270139
269540
268940
268340
267740
267140
266541
265941
265341
264741
264141
263542
262942
262342
261742
261143
260543
259943
259343
258743
258144
257544
256944
256344
255745
255145
254545
253945
253345
252746
252146
251546
250946
250346
249747
249147
248547
247947
247348
246748
246148
245548
244948
244349
243749
243149
242549
241950
241350
240750
240150
239550
238951
238351
237751
237151
236552
235952
235352
234752
234152
233553
232953
232353
231753
231153
230554
229954
229354
228754
228155
227555
353509
359507
358907
358307
357707
357108
356508
355908
355308
354709
354109
285268
284668
284068
283467
282867
282267
281667
281067
267863
267263
266663
266063
265462
264862
264262
263662
263062
262462
261861
261261
285268
307478
306878
306277
305677
305077
304477
303876
303276
302676
302076
301475
300875
300275
299674
299074
298474
297874
297273
296673
296073
295473
294872
294272
293672
293072
292471
291871
291271
290670
290070
289470
288870
288269
287669
287069
286469
285868
307478
321288
320688
320087
319487
318886
318286
317685
317085
316485
315884
315284
314683
314083
313482
312882
312281
311681
311081
310480
309880
309279
308679
308078
321288
330897
330296
329696
329095
328495
327894
327294
326693
326093
325492
324891
324291
323690
323090
322489
321889
330897
336303
335702
335102
334501
333900
333300
332699
332098
331498
336303
353726
353125
352524
351924
351323
350722
350121
349520
348920
348319
347718
347117
346516
345916
345315
344714
344113
343513
342912
342311
341710
341109
340509
339908
339307
338706
338105
337505
336904
353726
359732
359131
358531
357930
357330
356729
356128
355528
354927
354327
22800
22200
21600
21000
20400
19800
19200
18600
18000
17400
16800
16200
15600
15000
14400
13800
13200
12600
12000
11400
10800
10201
9601
9001
8401
7801
7201
6601
6001
5401
4801
4201
3601
3001
2401
1801
1201
601
1
22800
24000
23400
230073
229473
228874
228274
227674
227074
226475
225875
225275
224675
224076
223476
222876
222276
221676
221077
220477
219877
219277
218678
218078
217478
216878
216279
215679
85748
85148
84547
83947
83347
82747
82146
81546
80946
80345
79745
79145
78545
77944
77344
76744
76144
75543
74943
74343
73742
73142
72542
71942
71341
70741
70141
69540
68940
68340
67740
67139
66539
65939
65338
64738
64138
63538
62937
62337
61737
61137
60536
59936
59336
58735
58135
56935
56334
55734
55134
54533
53933
53333
52733
52132
51532
50932
49731
49131
48531
47930
47330
46730
46130
45529
44929
44329
43728
43128
42528
41928
41327
40727
40127
39526
38926
38326
37726
37125
36525
35925
35325
34724
34124
33524
32923
32323
31723
31123
30522
29922
29322
28721
28121
27521
26921
26320
25720
25120
23319
22719
22118
21518
20918
20318
19717
19117
18517
17916
17316
16716
16116
15515
14915
14315
13714
13114
12514
11914
11313
10713
10113
9513
8912
8312
7712
7111
6511
5911
5311
4710
4110
3510
2909
2309
1709
1109
508
85748
97200
97201
97802
97803
97804
98405
98406
98407
99008
99009
99010
99011
99612
99613
99614
100215
100216
100217
100218
100819
100820
100821
101422
101423
101424
102025
102026
102027
102028
102629
102630
102631
103232
103233
103234
103235
103836
103837
103838
104439
104440
104441
105042
105043
105044
105045
105646
105647
105648
106249
106250
106251
106252
106853
106854
106855
107456
107457
107458
107459
108060
108061
108062
108663
108664
108665
109266
109267
109268
109269
109870
109871
109872
359599
358999
357799
357199
356600
356000
354800
354200
353601
353001
352401
351801
351202
350602
350002
349402
348802
348203
347603
347003
346403
345803
345204
344604
344004
343404
342805
342205
341605
341005
340405
339806
339206
338606
338006
337406
336807
336207
335007
334408
333808
332608
332008
331409
330809
330209
329609
329009
328410
327810
327210
326610
326011
325411
324811
324211
323611
323012
322412
321812
321212
320612
320013
319413
318813
318213
317614
317014
316414
315814
315214
314615
314015
313415
312815
312215
311616
311016
310416
309816
309217
308617
308017
307417
306817
306218
305618
305018
304418
303819
303219
302619
302019
301419
300820
300220
299620
299020
298420
297821
297221
296621
296021
295422
294822
294222
293622
293022
292423
291823
291223
290623
290023
289424
288824
288224
287624
287025
286425
285825
285225
284625
284026
283426
282826
282226
281626
281027
280427
279827
279227
278628
278028
277428
276828
275629
275029
274429
273829
273229
272630
272030
271430
270830
270231
269631
269031
268431
267831
267232
266632
265432
264832
264233
263633
263033
262433
261834
261234
260634
260034
259434
258835
258235
257635
257035
256435
255836
255236
254636
254036
253437
252837
252237
251637
251037
250438
249838
249238
248638
248038
247439
246839
246239
245639
245040
244440
243840
85748
85149
84550
83950
83351
82752
82153
81554
80954
80355
79756
79157
78558
77959
77359
76760
76161
75562
74963
74363
73764
73165
72566
71967
71367
70768
70169
69570
68971
68372
67772
67173
66574
65975
65376
64776
64177
63578
62979
62380
61780
61181
60582
59983
59384
58785
58185
57586
56987
56388
55789
55189
54590
53991
53392
52793
52193
51594
50995
50396
49797
49198
48598
47999
213084
213085
213686
213687
213688
214289
214290
214291
214892
214893
214894
215495
215496
215497
216098
216099
216100
216701
216702
216703
216704
217305
217306
217307
217908
217909
217910
218511
218512
218513
219114
219115
219116
219717
219718
219719
220320
220321
220322
220923
220924
220925
221526
221527
221528
222129
222130
222131
222732
222733
222734
223335
223336
223337
223338
223939
223940
223941
224542
224543
224544
225145
225146
225147
225748
225749
225750
226351
226352
226353
226954
226955
226955
226956
227557
227558
227559
228160
228161
228162
228763
228764
228765
229366
229367
229368
229969
229970
229971
230572
230573
230574
231175
231176
231177
231778
231779
231780
232381
232382
232383
232984
232985
232986
233587
233588
233589
234190
234191
234192
234793
234794
234794
234795
235396
235397
235398
235999
236000
236001
236602
236603
236604
237205
237206
237207
237808
237809
237810
238411
238412
238413
239014
239015
239016
239017
239618
239619
239620
240221
240222
240223
240824
240825
240826
241427
241428
241429
242030
242031
242032
242633
242634
242635
243236
243237
243238
243839
243840
146999
146399
145798
145198
144597
143997
143396
142796
142195
141595
140994
140394
139793
139193
138592
137992
137391
136791
136190
135590
134989
134389
133788
133188
131987
131386
130786
130185
129585
128984
128384
127783
127183
126582
125982
125381
124781
124180
123580
122979
122379
121778
121178
120577
119977
119376
118776
118175
117575
116974
116374
115773
115173
114572
113972
113371
112771
112170
111570
110969
110369
109768
109168
108567
107967
107366
106766
106165
105565
104964
104364
103763
103163
102562
101962
101361
100761
100160
99560
98959
98359
97758
97158
96557
95957
95356
94756
94155
93555
92954
92354
91753
91153
90552
89952
89351
88751
88150
87550
86949
86349
164073
163473
162873
162274
161674
161074
160474
159875
159275
158675
158075
157476
156876
156276
155676
155077
154477
153277
152678
152078
150878
150279
149679
149079
148479
147880
147280
146680
146080
145481
144881
144281
143681
142482
141882
141282
140683
139483
138883
138283
137684
137084
136484
135884
135285
133485
132886
132286
131686
131086
130487
129887
129287
128687
128088
127488
126888
126288
125689
125089
124489
123889
123290
122690
122090
121490
120891
120291
119691
119091
118492
117892
117292
116692
116093
115493
114893
114293
113693
113094
112494
111894
111294
110695
110095
109495
108895
108296
107696
107096
106496
105897
105297
104697
104097
103498
102898
102298
101698
101099
100499
99899
99299
98700
98100
97500
96900
96301
95701
95101
94501
93902
93302
92702
92102
91503
90903
90303
89703
89104
88504
87904
87304
86704
86105
85505
84905
84305
83706
83106
82506
81906
81307
80707
80107
79507
78908
78308
77708
77108
76509
75909
75309
74709
74110
73510
72910
72310
71711
71111
70511
69911
69312
68712
68112
67512
66913
66313
65713
65113
64514
63914
63314
62714
62114
61515
60915
60315
59715
59116
58516
57916
57316
56717
56117
55517
54917
54318
53718
53118
52518
51919
51319
50719
50119
49520
48920
48320
47720
47121
46521
45921
45321
44722
44122
43522
42922
42323
41723
36325
35725
35125
34526
33926
33326
32726
32127
31527
30927
30327
29728
29128
28528
27928
27329
26729
26129
25529
24930
24330
23730
23130
22531
21931
21331
20731
20132
19532
18932
18332
17733
17133
16533
15933
15334
13534
12934
12335
11735
11135
10535
9936
9336
8736
8136
7537
6937
6337
5737
5138
4538
3938
3338
2739
2139
1539
939
226955
226355
225755
225156
224556
223956
223356
222756
222157
221557
220957
220357
219757
219157
218558
217958
217358
204762
202963
202363
201764
22800
196200
196801
196802
196803
197404
197405
197406
198007
198008
198009
198610
198611
198612
199213
199214
199215
199816
199817
199818
200419
200420
200421
201022
201023
201024
201625
201626
201627
202228
202229
202230
202831
202832
202833
203434
203435
203436
204037
204038
204039
204640
204641
204642
205243
205244
205245
205846
205847
205848
205849
206450
206451
206452
207053
207054
207055
207656
207657
207658
208259
208260
208261
208862
208863
208864
209465
209466
209467
210068
210069
210070
210671
210672
210673
211274
211275
211276
211877
211878
211879
212480
212481
212482
213083
213084
211993
211994
212595
212596
213197
213198
213799
213800
213801
214402
214403
215004
215005
215606
215607
216208
216812
217413
217414
218015
211993
211993
209589
208388
207787
207186
201768
202370
202371
202972
202973
203574
203575
204177
196336
196337
196336
192708
192709
193310
193311
193312
193313
193314
193915
193916
199988
199388
198788
197589
196989
196389
195789
195190
194590
193990
193390
192791
192191
191591
190991
190392
189792
189192
188592
187993
187393
186793
186193
185594
184994
184394
183794
183195
182595
181995
181395
180796
180196
179596
178996
178397
177797
177197
176597
175998
175398
174798
174198
173599
172399
172399
162187
162187
161587
160987
160388
159788
159188
158588
157989
157389
156789
156189
155590
154990
154390
153790
153191
152591
151991
151391
150791
150192
149592
148992
148392
147793
147193
146593
145993
145394
144794
144194
143594
142995
142395
141795
141195
140595
139996
139396
138796
129200
128600
128000
127401
126801
126201
125601
125002
124402
123802
123202
122603
122003
121403
120803
120204
119604
110008
109408
108808
107009
106409
104610
104010
101611
99812
99212
98613
98013
98013
97414
96815
96216
95617
95018
94419
93820
93221
92622
93231
93232
93233
93234
96256
96257
96258
96859
96860
96861
83616
80617
78218
77618
75819
75219
74619
73420
72820
72220
71620
70421
69821
69221
68621
68022
67422
66822
66222
65622
65023
64423
63823
63223
62623
60224
59624
57225
56625
56026
55426
54826
54226
53626
53027
52427
51827
51227
50627
47035
46436
46437
45838
47651
47652
48253
51877
51878
41635
41034
40433
39833
31436
29037
27238
26638
24839
24239
22440
21840
21240
20641
20041
19441
18841
18242
17642
17042
16443
15843
15243
14643
14044
13444
12844
12244
11645
11045
10445
9846
4453
3854
3855
