33185
32585
31986
31386
30786
30186
29587
28987
28387
27787
27188
26588
25988
25388
24789
24189
23589
22989
22390
21790
21190
20591
19991
19391
18791
18192
17592
16992
16392
15793
15193
14593
13993
13394
33185
58975
58375
57775
57176
56576
55976
55376
54777
54177
53577
52977
52378
51778
51178
50578
49978
49379
48779
48179
47579
46980
46380
45780
45180
44581
43981
43381
42781
42182
41582
40982
40382
39782
39183
38583
37983
37383
36784
36184
35584
34984
34385
33785
58975
163937
163938
164539
164540
164541
165142
169969
170570
170571
170572
171173
171174
171175
171776
171777
171778
172379
172380
172381
172982
172983
172984
173585
173586
173587
174188
174189
174190
174791
174792
174793
175394
175395
175997
175998
175999
176600
176601
176602
177203
177204
177205
177806
177807
177808
178409
178410
178411
179012
179013
179014
179615
179616
179617
179618
180219
180220
180221
180822
180823
180824
181425
181426
181427
182028
182029
182631
182632
182633
183234
183235
183236
183837
183838
183839
184440
184441
184442
185043
185044
185045
185646
185647
185648
186249
186250
186251
186852
186853
186854
187455
187456
187457
188058
188059
188060
188661
188662
188663
189264
189265
189266
189867
189868
189869
189870
190471
190472
190473
191074
191075
191076
191677
191678
191679
192280
192281
192282
192883
192884
192885
193486
193487
193488
194089
194090
194091
194692
194693
194694
195295
195296
195297
195898
195899
195900
196501
196502
196503
197104
197105
197106
197707
197708
197709
198310
198311
198312
198913
198914
198915
199516
199517
199518
200119
200120
200121
200122
200723
200724
200725
201326
201327
201328
201929
201930
201931
202532
202533
202534
203135
203136
203137
203738
203739
203740
204341
204342
204343
204944
204945
204946
205547
205548
205549
206150
206151
206152
206753
206754
206755
207356
207357
207358
207959
207960
207961
208562
208563
208564
209165
209166
209167
209768
209769
209770
210371
210372
210373
210374
210975
210976
210977
211578
211579
211580
212181
212182
212183
212784
212785
212786
213387
213388
213389
213990
213991
213992
214593
214594
214595
215196
215197
215198
215799
215800
215800
215801
216402
216403
216404
216405
217006
217007
217008
217609
217610
217611
218212
218213
218214
218215
218816
218817
218818
219419
219420
219421
219422
220023
220024
220025
220626
220627
220628
221229
221230
221231
221232
221833
221834
221835
222436
222437
222438
222439
223040
223041
223042
223643
223644
223645
223646
224247
224248
224249
224850
224851
224852
225453
225454
225455
225456
226057
226058
226059
226660
226661
226662
226663
227264
227265
227266
227867
227868
227869
228470
228471
228472
228473
229074
229075
229076
229677
229678
229679
229680
230281
230282
230283
230884
230885
230886
231487
231488
231489
231490
232091
232092
232694
232695
232696
232697
233298
233299
233300
233901
233903
234504
234505
234506
234507
235108
235109
237521
237522
237523
237524
238125
238126
238127
238728
238729
238730
238731
239332
239333
239334
239935
239936
239937
239938
240539
240540
242952
242953
242954
242955
243556
243557
243558
244159
244160
244161
244762
244763
244764
244765
245366
245367
245367
245368
245969
245970
245970
245971
246572
246573
246574
246575
247176
247177
250193
250194
250195
250196
250797
250798
250799
14988
14389
13790
13192
12593
11994
11395
11396
10797
10198
9599
14988
24559
23960
23961
23362
23363
22764
22765
22166
22167
21568
20969
20970
20371
20372
19773
19774
19175
19176
18577
18578
17979
17380
17381
16782
16783
16184
16185
15586
15587
24559
31714
31715
31116
31117
31118
31119
30520
30521
30522
30523
29924
29925
29926
29927
29328
29329
29330
28731
28732
28733
28734
28135
28136
28137
28138
27539
27540
27541
27542
26943
26944
26945
26346
26347
26348
25750
25751
25752
25753
25154
25155
25156
25157
24558
31714
33474
33475
33476
33477
33478
33479
33480
32881
32882
32883
32884
32885
32886
32887
32888
32889
32890
32891
32892
32893
32894
32295
32296
32297
32298
32299
32300
32301
32302
32303
32304
32305
32306
32307
31708
31709
31710
31711
31712
31713
33474
118049
117449
116849
116250
115650
115050
114450
113850
113250
112651
112051
111451
110851
110251
109651
109052
108452
107852
107252
106652
106053
105453
104853
104253
103653
103053
102454
101854
101254
100654
100054
99454
98855
98255
97655
97055
96455
95856
95256
94656
78461
77861
77261
57467
56867
56267
55667
55068
54468
53868
53268
52668
52069
46070
45470
44871
44271
43671
43071
42471
41872
40072
39472
38872
38273
37673
37073
36473
35873
35273
34674
34074
118049
30440
30441
30442
30443
31044
31045
31046
31047
31048
31049
31050
31651
31652
31653
31654
31655
31656
31657
32258
32259
32260
32261
32262
32263
32864
32865
32866
32867
32868
32869
32870
33471
33472
33473
30440
28623
28624
28625
28626
29227
29228
29229
29230
29231
29832
29833
29834
29835
29836
29837
30438
30439
23189
23190
23791
23792
23793
23794
24395
24396
24397
24998
24999
25000
25001
25602
25603
25604
26205
23189
33474
33475
34076
34077
34078
34679
34680
34681
35282
35283
35284
35885
35886
35887
36488
36489
36490
36491
37092
37093
37094
37695
37696
37697
38298
38299
38300
38901
38902
38903
39504
39505
39506
40107
40108
40109
40710
40711
40712
41313
41314
41315
41916
41917
41918
16300
15700
15100
14501
13901
13301
12701
12102
11502
10902
10302
9703
9103
8503
7903
7304
6704
6104
5504
4904
4305
3705
3105
2505
706
106
16300
230400
229800
229200
228600
228001
227401
226801
226201
225602
225002
224402
223802
223202
222603
222003
221403
220803
220204
219604
219004
218404
217805
217205
216605
216605
216005
215406
214806
214206
213606
213007
212407
211807
211207
210608
210008
209408
208808
208209
207609
207009
206409
205810
205210
204610
204010
203411
202811
202211
201611
201012
200412
199812
199213
198613
198013
197413
196814
196214
195614
195014
194415
193815
193215
192615
192016
191416
190816
190216
189617
189017
188417
187817
187218
186618
186618
186018
185417
184817
184216
183616
183016
182415
181815
181214
180614
180013
177014
176414
175814
175215
174615
174015
173415
172816
172216
171616
171016
170417
169817
169217
168617
168017
167418
166818
166218
165618
165019
164419
163819
163219
162620
162020
161420
160820
160220
159621
159021
158421
157821
157222
156622
156022
155422
154823
154223
153623
153023
152424
151824
151224
150624
150024
135030
130832
130232
129632
129033
128433
127833
127233
126634
126034
125434
124834
124235
123635
123035
123035
123036
123637
123638
123639
123640
124241
124242
124243
124244
124845
124846
124847
124848
125449
125450
125451
125452
126053
126054
126055
126056
126657
126658
126659
127260
127261
127262
127263
127864
127865
127866
127867
128468
128469
128470
128471
129072
129073
129074
129075
129676
129677
129678
129679
130280
130281
130282
130883
130884
130885
130886
131487
131488
131489
131490
132091
132092
132093
132094
132695
132696
132697
132698
133299
133300
133301
133902
133903
133904
133905
134506
134507
134508
135110
135111
135112
135113
135714
135715
135716
135717
136318
136319
136320
136321
136922
136923
136924
137525
137526
137527
137528
138129
138130
138131
138132
138733
138734
138735
138736
139337
139338
139339
139340
139941
139942
139943
139944
140545
140546
114000
114001
114602
114603
114604
114605
114606
115207
115208
115209
115210
115211
115812
115813
115814
115815
116416
116417
116418
116418
117019
117020
117621
118222
118223
118824
119425
119426
120027
120028
120629
121230
121231
121832
122433
122434
123035
116418
115818
115218
114619
114019
113419
112819
112219
111620
111020
110420
109820
109220
108621
108021
107421
106821
106221
105622
105022
104422
103822
103222
102623
102023
101423
100823
100223
99623
99024
98424
97824
97224
96624
96025
95425
94825
94225
93625
93026
92426
91826
91226
90626
90027
89427
88227
87627
87028
86428
85828
85228
84628
82229
81629
79830
79230
78630
76831
76231
75631
73832
73232
72632
70233
69633
67234
66634
66034
64235
63635
63035
61236
60636
60036
58837
58237
57637
57037
56438
55838
55238
54638
54038
53439
52839
52239
51639
51039
50440
49840
49240
48640
48040
47441
46841
46241
45641
45041
44442
43842
43242
42642
42042
41443
40843
40243
39643
39043
38444
37844
37244
36644
36044
24048
23448
22849
22249
21649
21049
20449
19850
19250
18650
165000
154204
153604
153004
152404
151805
151205
150605
150005
149405
148806
148206
147606
147006
146407
145807
145207
144607
144008
143408
142808
142208
141608
141009
140409
139809
139209
138610
138010
137410
136810
136210
135611
135011
134411
133811
133212
132612
132012
131412
130813
130213
129613
129013
128413
127814
127214
126614
126014
125415
124815
124215
123615
123015
122416
121816
121216
120616
120017
119417
118817
118217
117618
117018
116418
216605
216606
216607
217208
217209
217210
217211
217812
217813
217814
217815
218416
218417
218418
218419
219020
219021
219022
219023
219624
219625
219626
219627
225666
225667
225668
226269
226270
226271
226272
226873
226874
226875
226876
227477
227478
227479
227480
228081
228082
228083
228084
228685
228686
228687
228688
216605
215400
216001
216002
216003
216604
15947
15346
14746
14145
13545
12944
12344
11743
11142
10542
9941
9341
8740
8139
7539
6938
6338
5737
5137
4536
3935
3335
2734
2134
1533
932
332
15947
21600
21601
21002
21003
21004
21005
21006
21007
21008
21009
21010
21011
21012
20413
20414
20415
20416
20417
20418
20419
20420
20421
20422
19823
19824
19825
19242
19243
19244
18645
18646
18647
18648
18649
18650
18650
18651
18652
18653
18654
18655
18656
18657
18058
18059
18060
18061
18062
18063
18064
359797
359197
358597
357997
357398
356798
356198
355598
354998
354398
353798
353198
352599
351999
351399
350799
350199
350199
350200
350201
350202
350203
350804
350805
350806
350807
350808
350809
350810
350811
350812
351413
351414
351415
351416
351417
351418
351419
351420
351421
352022
352023
352024
352025
352026
352027
352028
352029
352631
352632
352633
352634
352635
352636
352639
353240
353241
353242
353243
353244
353245
353246
353247
353248
353849
353850
353851
353852
353853
353853
353854
354455
354456
355057
355058
355659
355660
356261
356262
356863
356864
357465
357466
357467
358068
358069
225398
224798
224198
223598
222998
222399
221799
221199
220599
219999
219399
218799
218199
217600
217000
216400
225398
239196
238596
237996
237396
236796
236196
235597
234997
234397
233797
233197
232597
231997
231397
230797
230197
229597
228997
228398
227798
227198
226598
225998
239196
300983
300383
299784
299184
298584
297984
297384
296784
296184
295584
294985
294385
293785
293185
292585
291985
291385
290785
290186
289586
288986
288386
287786
287186
286586
285986
285387
284787
284187
283587
282987
282387
281787
281187
280588
279988
279388
278788
278188
277588
276988
276388
275789
275189
274589
273989
273389
272789
272189
271589
270989
270390
269790
269190
268590
267990
267390
266790
266190
265591
264991
264391
263791
263191
262591
261991
261391
260792
260192
259592
258992
258392
257792
257192
256592
255993
255393
254793
254193
253593
252993
252393
251793
251194
250594
249994
249394
248794
248194
247594
246994
246395
245795
245195
244595
243995
243395
242795
242195
241596
240996
240396
239796
323179
322579
321979
321379
320779
320180
319580
318980
318380
311181
310581
309982
309382
308782
308182
307582
306982
306382
305782
305183
304583
303983
323179
347175
346575
345975
345375
344775
344175
343576
342976
342376
341776
341176
340576
339976
339376
338776
338176
337577
336977
336377
335777
335177
334577
333977
333377
332777
332177
331578
330978
330378
329778
329178
328578
327978
327378
326778
326178
325579
324979
324379
323779
347175
347175
347176
347177
347778
347779
347780
347781
347782
348383
348384
348385
348386
348988
348989
348990
348991
349592
349593
349594
349595
349596
350197
350198
350199
3021
3022
2426
2427
2428
643
644
359709
359110
358510
357910
357310
356710
356111
355511
354911
354311
353712
353112
352512
351912
351313
350713
350113
349513
348913
348314
347714
347114
346514
345915
345315
344715
341091
341092
341093
341694
341695
341696
341697
342298
342299
342300
342301
342902
342903
342904
342905
343506
343507
343508
343509
344110
344111
344112
344113
344714
341091
339883
339884
339885
340486
340487
340488
340489
341090
339883
324174
324175
324176
324777
324778
324779
324780
325381
325382
325383
325384
325985
325986
325987
325988
326589
326590
326591
326592
327193
327194
327195
327196
327197
327798
327799
327800
327801
328402
328403
328404
328405
329006
329007
329008
329009
329610
329611
329612
329613
330214
330215
330216
330217
330218
330819
330820
330821
330822
331423
331424
331425
331426
332027
332028
332029
332030
332631
332632
332633
332634
333235
333236
333237
333238
333839
333840
333841
333842
333843
334444
334445
334446
334447
335048
335049
335050
335051
335652
335653
335654
335655
336256
336257
336258
336259
336860
336861
336862
336863
336864
337465
337466
337467
337468
338069
338070
338071
338072
338673
338674
338675
338676
339277
339278
339279
339280
339881
339882
324174
12794
12194
11594
10995
10395
9795
9195
8595
7996
7396
6796
6196
5597
4997
4397
3797
3197
2598
1998
1398
798
198
316200
316201
316802
316803
316804
316805
316806
317407
317408
317409
317410
317411
318012
318013
318014
318015
318016
318017
318619
318620
318621
318622
319223
319224
319225
319226
319227
319828
319829
319830
319831
319832
319833
320434
320435
320436
320437
320438
321039
321040
321041
321042
321043
321644
321645
321646
321647
359657
359057
358457
357857
357258
356658
356058
355458
354858
354259
353659
353059
352459
351860
351260
350660
350060
349461
348861
348261
348261
348262
348263
348864
348865
348866
348867
349468
349469
349470
349471
349472
350073
350074
350075
350076
350677
350678
350679
350679
350680
350681
351282
351283
351284
351285
351886
351887
351888
351889
351890
352491
352492
352493
352494
353095
353096
353097
350679
350079
349479
348880
348280
347680
347080
346481
345881
345281
344681
344081
343482
342882
342282
341682
341083
340483
339883
314940
314941
314942
314943
314944
314945
314946
314947
314948
314949
314950
314951
314952
314953
314954
314940
314940
314340
313740
313140
312540
311940
311340
310740
310140
309540
308940
308340
307740
307140
306539
305939
305339
304739
304139
303539
302939
302339
301739
301139
300539
299939
299296
299297
299298
299299
299300
299301
299302
299303
299304
299305
299306
299307
299308
299309
299296
299296
298696
298096
297496
296896
296296
295696
295096
294496
293897
293297
292697
292097
291497
290897
290297
289697
289097
288497
287897
287297
286697
286097
285497
284897
284297
283698
283098
282498
281898
281298
280698
280098
279498
274070
274071
274672
274673
274674
274675
275276
275277
275278
274070
302284
301684
301083
300483
299883
299283
298682
298082
297482
296881
296281
295681
295080
294480
293880
293280
292679
292079
291479
290878
290278
289077
288477
287877
287277
286676
286076
285476
284875
284275
283675
283074
282474
281874
281274
280673
280073
279473
278872
278272
277672
277071
276471
275871
275271
274670
302284
302284
302285
301686
301687
301088
301089
301090
300491
300492
299893
299894
299295
299296
15947
15948
16549
16550
16551
16552
17153
17154
17155
17756
17757
17758
17759
18360
18361
18362
18963
18964
18965
18966
19567
19568
19569
20170
20171
20172
20173
20774
20775
20776
21377
21378
21379
21380
21981
21982
21983
22584
22585
22586
22587
23188
15947
11695
11696
11697
11698
12299
12300
12301
12302
12303
12304
12305
12306
12907
12908
12909
12910
12911
12912
12913
13514
13515
13516
13517
13518
13519
13520
13521
14122
14123
14124
14125
14126
14127
14128
14729
14730
14731
14732
14733
14734
14735
15336
15337
15338
15339
15340
15341
15342
15343
15944
15945
15946
11695
11629
11630
11631
11632
11633
11634
11635
11636
11637
11638
11639
11640
11641
11642
11644
11645
11646
11647
11648
11649
11650
11651
11655
11656
11657
11658
11659
11660
11662
11663
11664
11665
11666
11667
11668
11669
11670
11671
11672
11673
11674
11675
11676
11677
11678
11679
11680
11681
11682
11683
11684
11685
11686
11687
11688
11689
11690
11691
11692
11693
11694
11629
12794
12795
12796
12797
12798
12799
12800
12801
12802
12204
12205
12206
12207
12208
12209
12210
12211
12212
12213
12214
12215
12216
12217
12218
12219
12220
11621
11622
11623
11624
11625
11626
11627
11628
12794
96761
96161
95561
94962
94362
93762
93162
92563
91963
91363
90763
90163
89564
88964
88364
87764
87165
86565
85965
85365
84765
84166
83566
82966
82366
81767
81167
70371
69771
69171
68571
67972
67372
66772
66172
65573
64973
64373
63773
63173
62574
61974
61374
60774
60175
59575
96761
140546
139946
139346
138747
138147
137547
136947
136347
135748
135148
134548
133948
133348
132749
132149
131549
130949
130349
129750
129150
128550
127950
127351
126751
126151
125551
124951
124352
123752
123152
122552
121952
121353
120753
120153
119553
118953
118354
117754
117154
116554
115954
115355
114755
114155
113555
112955
112356
111756
111156
110556
109956
109357
108757
108157
107557
106958
106358
105758
105158
104558
103959
103359
102759
102159
101559
100960
100360
99760
99160
98560
97961
97361
140546
163937
163337
162737
162138
161538
160938
160338
159739
159139
158539
157939
157340
156740
156140
155540
154940
154341
153741
153141
152541
151942
151342
150742
150142
149543
148943
148343
147743
147143
146544
145944
145344
144744
144145
143545
142945
142345
141746
141146
163937
189127
188527
187927
187328
186728
186128
185528
184929
184329
183729
183129
182530
181930
181330
180730
180131
179531
178931
178331
177732
177132
176532
175932
175332
174733
174133
173533
172933
172334
171734
171134
170534
169935
169335
168735
168135
167536
166936
166336
165736
165137
164537
189127
232311
231711
231111
230512
229912
229312
228712
228113
227513
226913
226313
225713
225114
224514
223914
223314
222715
222115
221515
220915
220315
219716
219116
218516
217916
217317
216717
216117
215517
214917
214318
213718
213118
212518
211919
211319
210719
210119
209519
208920
208320
207720
207120
206521
205921
205321
204721
204121
203522
202922
202322
201722
201123
200523
199923
199323
198723
198124
197524
196924
196324
195725
195125
194525
193925
193325
192726
192126
191526
190926
190327
189727
232311
304881
304281
303681
303082
302482
301882
301282
300683
300083
299483
298883
298284
297684
297084
296484
295885
295285
294685
294085
293486
292886
292286
291686
291087
290487
289887
289287
288688
288088
287488
286888
286289
285689
285089
284489
283890
283290
282690
282090
281491
280891
280291
279691
273694
273094
272494
271895
271295
270695
270095
269496
268896
268296
267696
267097
266497
265897
265297
264698
264098
263498
262898
262299
261699
261099
260499
259900
259300
258700
258100
257501
256901
256301
255701
255102
254502
253902
253302
252703
252103
251503
250903
250304
249704
249104
248504
247905
247305
246705
246105
245506
244906
244306
243706
243107
242507
241907
241307
240708
240108
239508
238309
237709
235910
233511
232911
304881
318675
318076
317476
316876
316276
315677
315077
314477
313877
313278
312678
312078
311478
310879
310279
309679
309079
308480
307880
307280
306680
306081
305481
359460
358860
358260
357660
357061
356461
355861
355261
354661
354062
353462
352862
352262
351663
351063
350463
349863
349264
348664
348064
347464
346864
346265
345665
345065
344465
343866
343266
342666
342066
341467
340867
340267
339667
339067
338468
337868
337268
336668
336069
335469
334869
334269
333670
333070
332470
331870
331270
330671
330071
329471
328871
18064
18065
18066
18067
18068
18069
18070
17471
17472
17473
17474
17475
17476
17477
17478
17479
17480
17481
17482
16883
16884
16885
16886
16887
16888
16889
16890
16891
16892
16893
16894
16295
16296
16297
16298
16299
16300
16300
16301
16302
16303
16304
16305
16306
16307
16308
16309
16310
16311
16312
16313
15714
15715
15716
15717
15718
15719
15720
15721
15722
15723
15724
15725
15726
15726
15727
15728
15729
15730
15731
15732
15133
15134
15135
15136
15137
15138
15139
15140
15141
15142
15143
15144
15145
15146
14547
14548
14549
14550
14551
14552
14553
14554
14555
14556
14557
14558
14559
14560
13961
13962
13963
13964
13965
13966
13967
13968
13969
13970
13971
13972
13973
13374
13375
13376
13377
13378
13379
13380
13381
13382
13383
13384
13385
13386
13387
12788
12789
12790
12791
12792
12793
12794
340177
339577
338977
338377
337777
337177
336577
335977
335377
334777
334177
333578
332978
332378
331778
331178
330578
329978
329378
328778
328178
327578
326978
326378
325778
325178
324578
323978
323378
322778
322178
321578
320979
340177
328692
328693
328094
328095
328096
327497
326304
326305
326306
325707
325708
325709
325110
328692
316706
316707
316708
316709
316710
316711
316112
316113
316114
316115
316116
316117
316118
316119
316120
315524
315525
315526
315527
315528
315529
315530
315531
315532
315533
315534
314935
314936
314937
314938
314939
316706
325111
324511
323910
323310
322710
322109
321509
320909
320308
319708
319107
318507
317907
317306
325111
325111
325112
325113
324514
324515
324516
324517
323918
323919
323920
323921
322729
322730
322131
322132
322133
322134
321535
321536
321537
321537
320937
320338
319738
319138
318538
317939
317339
316739
316139
315540
314940
