359650
359651
359652
359653
359054
359055
359055
359056
358457
358458
358459
358460
357861
357862
357863
357864
357265
357266
357267
357268
356669
356670
356671
356672
356073
356074
356075
356076
355477
355478
355478
355479
354880
354881
354882
354883
354284
354285
354286
354287
353688
353689
353690
353691
353092
353093
353094
353095
352496
352497
352498
351899
351900
351901
351902
351303
351304
351305
351306
350707
350708
350709
350710
350111
350112
350113
350114
349515
349516
349517
348918
348919
348920
348921
348322
348323
348324
348325
347726
347727
347728
347729
347130
347131
347132
346533
346534
346535
346536
345937
345938
345939
345940
345342
345343
345344
344745
344746
344747
344748
344149
344150
344151
343552
343553
343554
343555
342956
342957
342958
342959
342362
342363
341764
341765
341766
341767
341168
341169
341170
340571
340572
340573
340574
339975
339976
339977
339978
339379
339380
339381
339382
338783
338784
338785
338786
338187
338188
338189
337590
337591
337592
337593
336994
336995
336996
336997
336398
336399
336400
336401
335802
335803
335804
334016
332821
332822
358062
358063
357464
357465
353291
352692
352693
352694
352695
352096
350309
349710
349711
349712
349713
346131
346132
346133
346134
345535
345536
345537
345538
344939
344940
344941
344342
344343
344344
344345
343746
343747
343747
343748
343149
343150
326950
326350
325750
325150
324550
323950
323349
322749
322149
321549
320949
320349
319749
319149
318549
317949
317349
316748
316148
315548
314948
314348
313748
313148
312548
311948
311348
310747
310147
309547
308947
308347
307747
357367
357368
357369
357370
356771
356772
356773
356174
356175
356176
356177
355578
353791
353192
353193
353194
353195
352596
352597
352598
351999
352000
352001
352002
351403
351404
351405
350806
350807
348421
348422
348423
347824
347825
347826
347827
346632
346633
346634
346035
346036
346037
345438
345439
345440
345441
344842
343650
343651
343652
343053
343054
343055
342456
342457
340669
340070
340071
340072
340073
339474
339475
339476
339477
337088
337089
336493
336494
335895
335896
335897
335898
335299
335300
335301
334702
334703
334704
334705
334106
334107
332913
332914
332915
332317
332318
332319
331720
331721
331722
331723
331124
330529
330530
329931
329932
329933
329334
329335
329336
329337
328738
328739
328740
328741
328142
328143
328144
327545
327546
327547
327548
326949
352752
352152
351552
350952
350352
349752
349152
348552
348552
347952
347352
346752
346152
346152
345552
344951
344351
343750
343150
343150
342550
341949
341349
340748
333546
332945
332345
331745
331145
330545
329945
329345
328745
328145
327545
317343
316743
316143
315543
314943
314943
314944
314945
314346
314347
314348
314349
314350
314351
313752
313753
313754
313755
313756
313157
313158
313159
313160
313161
313162
312563
312564
312565
312565
312566
312567
313168
313169
316169
315569
314969
314369
313769
355478
354878
354277
353677
353077
352477
351876
351276
350676
350075
349475
348875
348275
347674
347074
346474
345873
345273
344673
344073
343472
342872
342272
341671
341071
340471
339871
339270
338670
338070
337470
336869
336269
335669
335068
334468
333868
333268
332667
332067
331467
330866
330266
329666
329066
328465
306255
305655
221017
221018
221019
221020
221021
221022
221023
221024
221025
221026
221027
221028
221029
221030
221031
221032
221033
221034
221035
221036
221037
221038
221039
221040
220441
220442
220443
220444
220445
220446
220447
220448
220449
220450
220451
220452
220453
220454
220455
220456
220457
220458
220459
220460
220461
220462
220463
220464
220465
220466
220467
220468
220469
220470
220471
220472
220473
220474
220475
220476
220477
220478
220479
220480
220481
220482
220483
220484
220485
220486
220487
219888
219889
219890
219891
219892
219893
219894
219895
219896
219897
219898
219899
219900
219901
219902
219903
219904
219905
219906
219907
219908
219909
219910
219911
219912
219913
219914
219915
219916
219917
219918
219919
219920
219921
219922
219923
219924
219925
219926
219927
219928
219929
219930
219931
219932
219933
219934
219335
219336
219337
219338
219339
219340
219341
219342
219343
219344
219345
219346
219347
219348
219349
219350
219351
219352
219353
219354
219355
219356
219357
219358
219359
219360
219361
219362
219363
219364
219367
219368
219369
219370
219371
219372
219373
219374
219375
219376
219377
219378
219379
219380
219381
218782
218783
218784
218785
218786
218787
218788
218789
218790
218791
218792
218793
218794
218795
218796
218797
218798
218799
218800
218801
218802
218803
218804
218805
218806
218807
218808
218809
218810
218811
218812
218813
218814
218815
218816
218817
218818
218819
218820
218821
218822
218823
218824
218825
218826
218827
218828
218229
218230
218231
218232
218233
218234
218235
218236
218237
218238
218239
218240
218241
218242
218243
218244
218245
218246
218247
218248
218249
218250
218251
218252
218252
217652
217052
216452
215852
215252
214652
214052
213452
212852
212252
211652
211052
210452
209852
209252
208652
208052
207452
206852
206252
205652
205052
204452
203852
203252
202652
202052
201452
200852
200252
199651
199051
198451
197851
197251
196651
196051
195451
194851
194251
190051
189451
188851
188251
187651
187051
186451
185851
185251
184651
184051
183451
182851
182251
182805
182806
182807
182808
182809
182810
182811
182812
182813
182814
182815
182816
182817
182818
182819
182820
182821
182822
182823
182824
182825
182826
182827
182828
182229
182230
182231
182232
182233
182234
182235
182236
182237
182238
182239
182240
182241
182242
182243
182244
182245
182246
182247
182248
182249
182250
182805
183316
183317
183318
183319
183320
183321
183322
183323
183324
183325
183326
183327
183328
183329
183330
183331
183332
183333
183334
183335
183336
183337
183338
183339
183340
183341
183342
183343
183344
183345
183346
183347
183348
183349
183350
183351
183352
183353
183354
183355
183356
183357
183358
183359
183360
182761
182762
182763
182764
182765
182766
182767
182768
182769
182770
182771
182772
182773
182774
182775
182776
182777
182778
182779
182780
182781
182782
182783
182784
182785
182786
182787
182788
182789
182790
182791
182792
182793
182794
182795
182796
182797
182798
182799
182800
182801
182802
182803
182804
183316
293053
292453
291854
291254
290655
290055
289456
288856
288256
287657
287057
286458
285858
285259
284659
284659
284060
283461
282862
282863
282264
281665
281066
280467
280467
280468
279869
279870
279871
279272
279273
278674
278675
272687
272087
271487
270887
270288
269688
269088
268488
267888
267288
266689
272687
276281
275682
275083
274484
273885
273286
276281
278675
278076
278077
277478
276879
276880
278675
126000
126001
126002
126003
126004
126005
126006
126607
126608
126609
126610
126611
126612
182805
182205
181605
181005
180405
179805
179205
178605
178005
177405
176805
176205
175605
175005
174405
173805
173205
172605
172005
171405
170805
169605
169005
168405
167805
167205
166605
166005
165405
164805
164205
163605
163005
162405
161804
161204
160604
160004
159404
158804
158204
157604
157004
156404
155804
155204
154604
154004
153404
152804
152204
151604
151004
150404
149804
149204
148604
148004
147404
146804
146204
145604
145004
144404
143804
143204
182805
183316
182716
182116
181516
180916
180316
179716
179116
178516
177916
177316
176716
176116
175516
174916
174316
173716
173116
172516
171916
171316
170716
170116
169516
168916
168316
167716
167116
166516
165916
165316
164716
164116
163516
162916
162316
161716
161116
160516
159916
159316
158716
158116
157516
156916
156316
155716
155116
154516
153916
153316
152716
152116
151516
150916
150316
149716
149116
148516
147916
147316
146716
146116
143125
143126
143127
143128
143129
143129
143130
143131
143132
143133
143134
143135
143136
143137
143138
143139
143140
143141
140267
140268
140269
140270
140271
140272
140273
182251
182252
182253
182254
181655
181656
181657
181658
181659
181660
181061
181062
181063
181064
181065
181066
181067
180468
180469
180470
180471
180472
182251
226379
226380
226381
225782
225783
225784
225785
225186
225187
225188
225189
224590
224591
224592
224593
223995
223996
223997
223998
223399
223401
223402
222803
222804
222805
222806
222207
222208
222209
222210
221611
221612
221613
221614
221015
221016
226379
221542
221543
221544
222145
222146
222147
222148
222749
222750
222751
222752
222753
223354
223355
223356
223357
223358
223959
223960
223961
223962
224563
224564
224565
224566
224567
225168
225169
225170
225171
225172
225773
225774
225775
225776
226377
226378
221542
214896
214897
214898
215499
215500
215501
215502
217917
217918
217919
218520
218521
218522
218523
219124
219125
219126
219127
219728
219729
219730
219731
220332
220333
220334
220335
220936
220937
220938
220939
221540
221541
214896
211268
211269
211270
211871
211872
211873
211874
211875
212476
212477
212478
212479
213080
213081
213082
213083
213084
213685
213686
213687
213688
213689
214290
214291
214292
214293
214894
214895
211268
286839
286239
285639
285040
284440
283840
283240
282641
282041
281441
280841
280242
279642
279042
278442
277842
277243
276643
276043
275443
274844
274244
273644
273044
272445
271845
271245
270645
270045
269446
268846
268246
267646
267047
266447
265847
265247
264648
264048
263448
262848
262248
261649
261049
260449
259849
259250
258650
258050
257450
256851
256251
255651
255051
254451
253852
253252
252652
252052
251453
250853
250253
249653
249053
248454
247854
247254
246654
246055
245455
244855
244255
243656
243056
242456
241856
241256
240657
240057
239457
238857
238258
237658
237058
236458
235859
235259
234659
234059
233459
232860
232260
231660
231060
230461
229861
229261
228661
228062
227462
226862
226262
225662
225063
224463
223863
223263
222664
222064
221464
220864
220265
219665
219065
218465
217865
217266
216666
216066
215466
214867
214267
213667
213067
212468
211868
286839
293428
292829
292230
291631
291032
290433
289834
289235
288636
288037
287438
293428
314422
313822
313222
312623
312023
311423
310823
310223
309623
309024
308424
307824
307224
306624
306024
305425
304825
304225
303625
303025
302425
301826
301226
300626
300026
299426
298826
298227
297627
297027
296427
295827
295227
294628
294028
314422
328810
328210
327611
327011
326412
325812
325213
324613
324014
323414
322815
322215
321616
321016
320417
319817
319218
318618
318019
317419
316820
316220
315621
315021
328810
329400
329401
329402
329403
329404
328805
328806
328807
328808
328809
211268
210668
210068
209469
208869
208269
207669
207069
206470
205870
205270
204670
204071
203471
202871
202271
201671
201072
200472
199872
199272
198672
198073
197473
196873
196273
195674
195074
194474
187222
187223
187224
187825
187826
187827
187828
188429
188430
188431
188432
189033
189034
189035
189036
189037
189638
189639
189640
189641
190242
190243
190244
190245
190846
190847
190848
190849
190850
191451
191452
191453
191454
192055
192056
192057
192058
192659
192660
192661
192662
192663
193264
193265
193266
193267
193868
193869
193870
193871
194472
194473
187222
186614
186615
186616
186617
186618
187219
187220
187221
278675
278676
278677
278678
278679
278680
278681
278682
278683
278684
278684
278685
278686
278087
278088
278089
278090
277491
277492
277493
277494
276895
276896
276897
276898
276300
276301
276302
275703
275704
275705
275706
275107
275108
275109
275110
274511
274512
274513
274513
274514
274515
274516
274517
274518
274519
274520
274521
274522
274523
274524
274525
274526
274527
274528
274529
274530
273931
273932
273933
273934
273935
273936
273953
273356
273357
273358
273358
272759
272160
271560
270961
270362
269763
269763
269163
268563
267963
267363
266763
266164
110850
110851
110852
110853
110850
109621
109622
109623
109624
109625
109626
109627
109628
110229
110230
110231
110232
110233
110234
110235
110236
110237
110238
110239
110240
110241
110242
110843
110844
110845
110846
110847
110848
110849
109621
108404
108405
108406
108407
108408
109009
109010
109011
109012
109013
109014
109015
109016
109617
109618
109619
109620
108404
104789
104790
105391
105392
105993
105994
105995
106596
106597
107198
107199
107200
107801
107802
108403
104789
101182
101783
102384
102385
102986
103587
104188
98176
98777
99378
99379
99980
98176
93968
94569
95170
95771
95772
96373
96974
97575
93968
89157
89758
89759
90360
90961
91562
91563
92164
92765
93366
93367
89157
89157
88556
87956
87355
86754
86154
85553
84952
84352
83751
83150
82549
81949
81348
80747
80147
79546
78945
78345
77744
77744
77144
76543
75943
75343
74742
74142
73542
72942
72341
71741
71141
70540
69940
69340
68739
68139
68139
67539
66939
66339
65738
65138
64538
63938
63338
62738
62138
61538
60937
60337
45938
45338
44738
44138
43538
42938
42338
41139
40539
39939
39339
38739
38739
38140
37540
36941
36341
35742
35143
34543
33944
33344
32745
32146
31546
30947
30347
29748
29748
29149
28550
27951
27352
26753
26153
25554
24955
24356
23757
23158
22559
21960
21361
20762
20163
19564
18964
18365
17766
17167
16568
15969
15370
15370
14771
14772
14173
14174
13575
13576
12977
12378
12379
11780
11781
11182
11183
10584
9985
9986
9387
9388
8789
8190
8191
7592
7593
6994
6995
6396
6396
5796
5196
4596
3996
3397
2797
2197
1597
997
397
476
1077
1078
1679
1679
1680
1681
1682
1683
1684
2285
2286
2287
2288
2289
2290
2291
2296
2897
2898
2899
2900
2901
2902
2903
2904
2905
2906
2907
3508
3509
3510
3511
3512
3513
3514
3515
3516
3517
3518
3519
4120
4121
4122
4123
4124
4125
4126
4127
4128
4129
4130
4731
4732
4733
4734
4735
4736
4737
4738
4739
4740
4741
5342
5343
5344
5351
5352
5954
6565
6566
7183
7184
7788
7789
7790
7791
7792
7793
7794
8399
143129
142529
141929
141329
140729
140129
139529
138929
138329
137729
137129
136529
135929
135329
134729
134129
133529
132929
132329
131729
131129
130529
129929
129329
128729
128129
127529
126929
126329
125729
125129
124529
123929
123329
122729
122129
121529
120929
120329
119729
119129
119129
118529
117929
117329
116729
116129
115529
114929
114329
113729
113129
112529
111929
111329
110729
110129
109529
108929
108329
107729
107129
106529
105929
105329
104729
104129
103529
102929
102329
101729
101129
100529
99929
99329
98729
98129
97529
96929
96329
95729
95129
94529
94529
94530
94531
94532
94533
93950
93951
93952
93953
93954
93955
93956
93957
93958
93959
93960
93961
93962
93963
93964
93965
93966
93967
93968
108381
107781
107181
106581
105981
105381
104781
104181
103581
102981
102381
101781
101181
116821
116221
115621
115021
114421
113821
113221
112621
112021
111421
110821
110221
98866
98266
97666
97067
96467
95867
155401
155402
155403
156004
156005
156006
156007
156608
156609
156610
156611
156612
157213
157214
157215
157216
157217
157818
157819
157820
157821
158422
158423
158424
158425
158426
159027
159028
159029
159030
159631
159632
159633
159634
159635
160236
160237
160238
160239
160840
160841
160842
160843
160844
161445
161446
161447
161448
161449
162050
162051
162052
162053
162654
162655
162656
162657
162658
163259
163260
163261
163262
163863
163864
163865
163866
163867
164468
164469
164470
164471
165072
165073
165074
165075
165076
165677
165678
165679
165680
165681
166282
166283
166284
166285
166886
166887
166888
166889
166890
167491
167492
167493
167494
168095
168096
168097
168098
168099
168700
168701
168702
168703
169304
169305
169306
169307
169308
169909
169910
169911
169912
169913
170514
170515
170516
170517
171118
171119
171120
171121
171122
171723
171724
171725
171726
172327
172328
172329
172329
172332
172333
172334
172335
172336
172337
172337
172338
172339
172340
172341
172342
172343
172344
172345
172346
172347
172348
172349
172350
172351
172352
172353
172354
172355
172356
172357
172358
172359
172360
172361
172362
172363
172364
172365
172365
172366
172367
172368
172369
172370
172371
172372
172373
172374
172375
172376
172377
172378
172379
172380
172381
172382
172383
172384
172385
172386
172387
172388
172389
172390
172391
172392
172393
172394
172395
171796
171797
171798
171799
171800
171801
171802
171803
171804
171805
171806
171807
171808
171809
171810
171811
171812
171813
171814
171815
171816
171817
171818
171819
171820
171821
171822
171823
171824
171825
171826
171826
171827
171828
171829
171830
171831
171832
171833
171834
171835
171836
171237
171238
171239
171240
171241
171242
171243
171244
171245
171246
171246
170646
170046
169447
168847
168247
167647
167047
166448
165848
165248
164648
164049
163449
162849
162249
161649
161050
160450
159850
159850
159250
158650
158051
157451
156851
156251
155652
155052
154452
153852
153252
152653
152053
151453
150853
150254
149654
149054
148454
147855
147255
146655
146055
145455
144856
144256
143656
143056
142457
141857
141257
141257
140657
140057
139458
138858
138258
137658
137059
136459
135859
135259
134659
134060
133460
132860
132260
131660
131061
130461
129861
129261
128662
128062
127462
126862
126262
125663
125063
124463
123863
123264
122664
122064
121464
120864
120265
119665
119065
118465
117865
117266
116666
116066
115466
114867
114267
113667
113067
112467
111868
111268
110668
110068
109469
108869
108269
107669
107069
106470
105870
105270
104670
104070
103471
102871
102271
101671
101072
100472
99872
99272
98672
98073
97473
96873
96273
95674
95074
94474
93874
93274
92675
92075
91475
90875
90275
89676
89076
88476
87876
76481
75881
75281
74681
74082
73482
72882
68684
68084
67484
66884
66284
65685
65085
64485
63885
63285
62686
62086
61486
61486
60886
60286
59687
59087
58487
57887
57288
56688
56688
56088
55488
54889
54289
53689
53089
52490
51890
51290
50690
50090
49491
48891
48291
47691
47092
46492
45892
45292
44692
44093
43493
42893
42293
41694
41094
40494
39894
39295
38695
38095
37495
36895
36296
35696
35096
34496
33897
33297
32697
32097
31497
30898
30298
29698
29098
28499
27899
27299
26699
26099
25500
24900
24300
23700
23101
22501
21901
21301
20701
20102
19502
18902
18302
17703
17103
16503
15903
15304
14704
14104
13504
12904
12305
11705
11105
10505
9906
9306
8706
8106
7506
6907
6307
5707
5107
4508
3908
3308
2708
2108
1509
909
309
226379
225779
225179
224579
223979
223379
222779
222179
221579
220979
220379
219779
219179
218579
217979
217379
216779
216179
215579
214979
214379
213779
213179
212579
211979
211379
210779
210179
209579
208979
208379
207779
207179
206579
205979
205379
204779
204178
203578
202978
202378
201778
201178
200578
199978
199378
198778
198178
197578
196978
196378
195778
195178
194578
193978
193378
192778
192178
191578
190978
190378
189778
189178
188578
187978
187378
186778
186178
185578
184978
184378
183778
183178
221542
220942
220342
219742
219142
218542
217942
217342
216742
216142
215542
214942
214342
213742
213142
212542
211942
211342
210742
210142
209542
208942
208342
207742
207142
206542
205942
205342
204742
204142
203542
202942
202341
201741
201141
200541
199941
199341
198741
198141
197541
196941
196341
195741
195141
194541
193941
193341
192741
192141
191541
190941
190341
189741
189141
188541
187941
187341
186741
186141
185541
184941
184341
183741
334244
333644
333045
332446
331846
331247
330647
359450
358850
358250
357649
357049
356449
355849
355249
354648
354048
353448
352848
352247
351647
351047
350447
349847
349246
348646
348046
347446
346846
346245
345645
345045
344445
343845
343244
342644
342044
341444
340844
340243
339643
339043
286839
286840
286841
286842
286843
286844
286845
286846
286847
287448
287449
287450
287451
287452
287453
287454
287455
287456
287456
287457
287458
286859
286860
286861
286862
286263
286264
286264
285665
285065
284466
283867
283268
282668
282069
282069
281469
280870
280270
279670
279071
278471
277871
277271
276672
276072
275472
274873
274273
273673
273074
272474
272474
271874
271274
270675
270075
269475
267076
266476
259279
258679
258079
257480
256880
256280
255680
255081
254481
253881
253281
252682
252082
251482
250882
250282
249683
249083
248483
247883
247284
246684
246084
245484
244885
244285
243685
243085
242485
241886
241286
240686
240086
239487
238887
238287
237687
237088
236488
235888
235288
234688
234089
233489
232889
232289
231690
231090
230490
229890
229290
228691
216695
216096
215496
214896
13078
12478
11878
11278
10678
10678
10078
9478
8878
8278
7678
7078
6478
5879
5279
4679
4079
3479
2879
2279
1679
138586
138587
138588
138589
138590
138591
138592
138593
137994
137995
137996
137997
137998
137999
138586
140346
140347
140348
140349
140350
140351
140352
139753
139754
139755
139756
139757
139758
139759
139760
139761
139762
139763
139764
139765
139766
139167
139168
139169
139170
139171
139172
139173
139174
139175
139176
139177
139178
139179
138580
138581
138582
138583
138584
138585
140346
147547
146947
146347
145747
145147
144547
143947
143346
142746
142146
141546
140946
147547
148723
148724
148725
148726
148727
148130
148131
148132
148133
148134
148135
148136
148137
148138
148139
148140
148141
147542
147543
147544
147545
147546
148723
307747
307748
307749
307150
307151
307152
307153
307154
307155
306556
306557
306558
306559
306560
306561
305962
305963
305964
305965
305966
305367
305368
305369
305370
305371
305372
304773
304774
304775
304775
304776
304777
304178
304179
304180
304181
304182
303583
303584
303585
303586
302987
302988
302989
302990
302991
302392
302393
302394
302394
302395
302396
302397
302398
302399
150203
150804
150804
151405
151405
151406
151407
150808
150809
150809
145409
145408
145408
145404
145407
145404
146003
146003
147202
146602
147202
128024
131025
130425
131025
131025
131626
131626
131627
131628
132229
132230
132231
132231
131632
131033
131033
127434
126834
126233
127424
126825
127424
72244
72244
72845
74046
73446
74046
74046
74047
74047
74048
74049
74049
73450
73451
72252
71653
71653
71053
71053
70453
68651
69252
68651
150809
151410
152011
152612
153213
153814
154415
154416
155017
155618
156219
156820
157421
158022
158623
159224
159825
160426
161027
161028
161629
162230
162831
163432
164033
164634
165235
165836
166437
167038
167639
167640
168241
168842
169443
170044
170645
171246
117790
118391
118391
118392
118395
117799
116602
116602
116003
115404
115404
114804
106997
106998
106997
106995
106996
146454
145854
145254
143455
142855
142256
141656
141056
140456
139857
139257
138657
138057
137457
136858
136258
135658
135058
134459
133859
133259
132659
132059
131460
130860
130260
129660
129061
128461
127861
127261
126662
126062
125462
124862
124262
123663
123063
122463
121863
121264
120664
120064
119464
118865
118265
117665
117065
116465
115866
115266
114666
114066
113467
112867
112267
111667
111068
110468
109868
109268
108668
108069
107469
106869
106269
105670
105070
104470
103870
103270
102671
102071
101471
100871
100272
99672
99072
98472
97873
97273
96673
96673
96073
95473
94874
94274
93674
93074
92475
91875
91275
90675
90075
89476
88876
88276
87676
87077
86477
85877
85277
84678
84078
83478
82878
82278
81679
81079
80479
79879
79280
78680
78080
77480
76880
76281
75681
75081
74481
73882
73282
72682
72082
71483
70883
70283
69683
69083
68484
67884
67284
66684
66085
65485
64885
64285
63685
63086
62486
61886
61286
60687
60087
59487
58887
58288
57688
57088
56488
55888
55289
54689
54089
53489
52890
52290
51690
57858
57859
57860
58461
58462
58463
58464
58465
59066
59067
59068
59069
59670
59671
59672
59673
59674
60275
60276
60277
60278
60279
60880
60881
60882
60883
61484
61485
57858
53626
54835
54836
54837
54838
55439
55440
55441
55442
55443
56044
56045
56046
56047
56648
56649
56650
56651
57252
57253
57254
57255
57856
57857
115404
116005
116006
116607
117208
117809
117810
118411
119012
119613
119614
120215
120816
121417
123221
123822
124423
120306
120307
120308
120309
119129
39213
38614
38615
38016
38017
38018
37421
36823
36225
36225
36226
35628
35629
35030
35031
35032
34433
34434
34435
34436
33837
33838
33839
33240
33241
33242
32643
32644
71053
71054
71055
71056
71057
70458
70459
70460
71053
90026
90027
90028
90629
90630
90631
90632
91233
91234
91235
91236
91837
91838
91839
91840
92441
92442
92443
92444
92445
93046
93047
93048
93049
93650
93651
93652
93653
94254
94255
94256
94257
94258
94859
94860
94861
94862
95463
95464
95465
95466
96067
96068
96069
96070
96671
96672
96673
96673
96674
96675
96676
120790
120190
119590
118991
120790
133394
132794
132194
131593
130993
130393
129793
129193
128592
127992
127392
126792
126192
125592
124991
124391
123791
123191
122591
121990
121390
133394
146003
145403
144802
144202
143601
143001
142400
141800
141200
140599
139999
139398
138798
138197
137597
136997
136396
135796
135195
134595
133994
146003
135819
135220
134620
134021
133422
132823
132223
131624
135819
144208
143609
143010
142410
141811
141212
140613
140013
139414
138815
138216
137617
137017
136418
144208
145408
144808
145408
134035
133435
132834
132234
131633
134035
134035
134636
134637
135238
135839
135840
136441
137042
137643
137644
138245
138245
138847
139449
139450
140051
140052
140052
140053
140654
140655
141256
141257
47060
46460
45860
45260
44660
44060
43460
42860
42260
41661
41061
40461
39861
39261
38661
38061
47060
57858
57258
56658
56058
55458
54859
54259
53659
53059
52459
51859
51259
50659
50059
49460
48860
48260
47660
57858
66253
65653
65054
64454
63854
63255
62655
62055
61456
60856
60257
59657
59057
58458
66253
68651
68051
67452
66852
68651
73439
72840
72841
72842
72243
77629
75833
74037
89012
88413
87813
87214
86615
86016
85416
84817
84218
83619
83019
82420
81821
89012
99802
99203
98603
98004
97404
96805
96205
95606
95006
94407
93808
93208
92609
92009
91410
90810
90211
89611
99802
106997
106397
105798
105198
104599
103999
103399
102800
102200
101601
101001
100402
106997
37461
37462
37463
38064
38065
38066
38067
38068
38669
38670
38671
38672
39273
39274
39275
39276
39277
39878
39879
37461
35043
35044
35045
35646
35647
35648
35649
36250
36251
36252
36253
36254
36855
36856
36857
36858
37459
37460
35043
35043
34443
33843
33244
32644
32644
32044
31444
30845
30245
29645
29045
28446
27846
27246
26646
26047
25447
24847
24247
23647
23048
22448
21848
21248
20649
20049
19449
18849
18250
17650
17050
16450
15850
15251
14651
14051
13451
12852
12252
11652
11052
10452
9853
9253
8653
8053
7454
6854
6254
5654
5055
4455
3855
3255
2655
2056
1456
856
256
155000
154401
153801
153202
152602
152003
151403
155000
159790
159191
158592
158593
157994
157395
156796
156198
155599
159790
160383
160384
160385
160386
159787
159788
159789
160383
160372
160373
160374
160375
160376
160377
160378
160379
160380
160381
160382
160372
146454
146455
146456
147057
147058
147059
147060
147061
147662
147663
147664
147665
147666
148267
148268
148269
148270
148271
148872
148873
148874
148875
148876
148877
149478
149479
149480
149481
149482
150083
150084
150085
150086
150087
150688
150689
150690
150691
150692
151293
151294
151295
151296
151297
151898
151899
151900
151901
151902
152503
152504
152505
152506
152507
153108
153109
153110
153111
153112
153113
153714
153715
153716
153717
153718
154319
154320
154321
154322
154323
154924
154925
154926
154927
154928
155529
155530
155531
155532
155533
156134
156135
156136
156137
156138
156739
156740
156741
156742
156743
157344
157345
157346
157347
157348
157949
157950
157951
157952
157953
157954
158555
158556
158557
158558
158559
159160
159161
159162
159163
159164
159765
159766
159767
159768
159769
160370
160371
146454
141006
141007
141008
141609
141610
141611
141612
141613
141614
142215
142216
142217
142218
142219
142820
142821
142822
142823
142824
143425
143426
143427
143428
143429
143430
144031
144032
144033
144034
144035
144636
144637
144638
144639
144640
145241
145242
145243
145244
145245
145246
145847
145848
145849
145850
145851
146452
146453
141006
101509
101510
101511
101512
102113
102114
102115
102716
102717
102718
102719
103320
103321
103322
103923
103924
103925
103926
104527
104528
104528
104529
105130
105131
105132
105133
105734
105735
105736
106337
106338
106339
106340
106941
106942
106942
106943
106944
106945
106946
106947
106948
106949
107550
107551
107552
107553
107554
107555
107556
107556
107557
107558
107559
107560
107561
108162
108163
108164
76446
75846
75246
74647
76446
88444
87844
87244
86644
86044
85444
84845
84245
83645
83045
82445
81845
81245
80645
80045
79445
78846
78246
77646
77046
88444
102845
102245
101645
101045
100445
99845
99245
98645
98045
97445
96845
96245
95645
95044
94444
93844
93244
92644
92044
91444
90844
90244
89644
89044
102845
113643
113043
112443
111843
111243
110644
110044
109444
108844
108244
107644
107044
106444
105844
105245
104645
104045
103445
113643
121439
120839
120240
119640
119040
118441
117841
117241
116641
116042
115442
114842
114243
121439
125633
125034
124435
123835
123236
122637
122038
343162
343163
343164
343165
343166
343167
343168
343169
343170
343171
343172
343173
343174
343175
343176
343181
343782
343783
343784
343785
343786
343787
343788
343789
343790
343791
343792
343793
343794
343795
343796
343797
343798
343799
343162
342562
341961
341361
340760
340160
339559
338959
338358
337758
337158
336557
335957
335356
334756
334155
333555
332954
332354
331754
331153
330553
329952
329352
328751
328151
327550
343162
90026
89426
88826
88227
87627
87027
86427
85828
85228
84628
84028
83428
82829
82229
81629
81029
80430
79830
79230
78630
78030
77431
76831
76231
75631
75032
74432
73832
73232
72633
72033
71433
70833
70233
69634
69034
68434
67834
67235
66635
66035
64835
64236
63636
63036
62436
61837
61237
60637
60037
59437
58838
58238
57638
57038
56439
55839
55239
54639
54039
53440
52840
52240
51640
51041
50441
49841
49241
48642
48042
47442
46842
46242
45643
45043
44443
43843
43244
42644
42044
41444
40844
40245
39645
39045
38445
37846
37246
36646
36046
35446
34847
34247
33647
33047
32448
31848
31248
30648
30048
29449
28849
28249
27649
27050
26450
25850
25250
24651
24051
23451
22851
22251
21652
21052
20452
19852
19253
18653
18053
17453
16853
16254
15654
15054
14454
13855
13255
12655
12055
11455
10856
10256
9656
9056
8457
7857
7257
6657
6057
5458
4858
4258
3658
3059
2459
1859
1259
660
60
90026
126612
126012
125412
124813
124213
123613
123013
122414
121814
121214
120614
120015
119415
118815
118215
117615
117016
116416
115816
115216
114617
114017
113417
112817
112218
111618
111018
110418
109818
109219
108619
108019
107419
106820
106220
105620
105020
104420
103821
103221
102621
102021
101422
100822
100222
99622
99023
98423
97823
97223
96623
96024
95424
94824
94224
93625
93025
92425
91825
91226
90626
126612
141006
140406
139806
139207
138607
138007
137407
136808
136208
135608
135008
134409
133809
133209
132609
132010
131410
130810
130210
129611
129011
128411
127811
127212
141006
155401
154801
154201
153602
153002
152402
151802
151202
150603
150003
149403
148803
148203
147604
147004
146404
145804
145205
144605
144005
143405
142805
142206
141606
155401
159000
158400
157800
157200
156601
156001
343150
343151
343152
343153
343154
343155
343156
343157
343158
343159
343160
343161
343162
332822
332823
332224
332225
332226
331627
331628
331629
331030
331031
331032
330433
330434
330435
329836
329837
329838
329239
329240
329241
328642
328643
328644
328045
328046
328047
327448
327449
327450
326851
326852
326853
326254
326255
326256
325657
325658
325659
325060
325061
325062
324463
324464
324465
323866
323867
323868
323269
323270
323271
322672
322673
322674
322075
322076
322077
321478
321479
321480
320881
320882
320883
320284
320285
319686
319687
319688
319089
319090
319091
318492
318493
318494
317895
317896
317897
317298
317299
317300
316701
316702
316703
316104
316105
316106
315507
315508
315509
314910
314911
314912
314313
314314
314315
313716
313717
313718
313119
313120
313121
312522
312523
312524
311925
311926
311927
311328
311329
311330
310731
310732
310733
310134
310135
310136
309537
309538
309539
308940
308941
308942
308343
308344
308345
307747
178365
177765
177165
176565
175965
175365
174765
174165
173565
172965
178365
178365
178366
178367
178368
178369
178370
178371
178372
178373
178374
178375
178376
178377
178378
178379
178380
178381
178382
178383
178384
178385
178386
178387
178388
178389
178390
177805
177806
177807
177808
177809
177810
177811
177812
177813
177814
177815
177816
179016
178416
179016
186216
185616
185016
184416
183816
183216
182616
182016
181416
180816
186216
308510
307910
307310
306094
306095
305496
305497
305498
305499
304900
304901
304902
304303
304304
304305
304306
303707
306094
321701
321101
320500
319900
319300
318700
318099
317499
316899
316299
315698
315098
314498
313898
313297
312697
312097
311496
310896
310296
309696
309095
308495
307895
307295
306694
321701
314422
314423
314424
314425
314426
314427
314428
314429
314430
314431
314432
314433
314434
314435
314436
330048
329448
328847
328247
327646
327046
326445
325845
325244
324644
324043
323443
320441
319840
319240
318639
318039
317438
316838
316237
315637
315036
330048
330048
330049
329450
329451
329452
329453
328854
328855
328856
328857
328258
328259
328260
328261
327662
327663
327664
327665
327066
327067
327068
326469
326470
326471
326472
325873
325874
325875
325876
325277
325278
325279
325280
324681
324682
324683
324084
324085
324086
324087
323488
323489
323490
323491
322892
322893
322894
322895
322296
322297
322298
322299
321700
321701
255233
255234
255235
255236
255237
255238
255239
255240
255241
255242
254643
254644
254645
254646
254647
254648
254649
254650
255233
186216
186217
186218
186219
186220
186221
186222
186223
186224
186225
186226
185627
185628
185629
185630
185631
185632
185633
185634
185635
185636
185637
185638
185639
185640
185641
185642
185643
185644
185645
185646
185047
185048
185049
185050
185051
185052
185053
185054
185055
185056
185057
185058
185059
185060
185061
185062
185063
185064
185065
185066
184467
184468
184469
184470
184471
184472
184473
184474
184475
184476
184477
184478
184479
184480
184481
184482
184483
184484
184485
184486
183887
183888
183889
183890
183891
183892
183893
183894
183895
183896
183897
183898
183899
183900
183901
183902
183903
183904
183905
183906
183307
183308
183309
183310
183311
183312
183313
183314
183315
186216
221017
220417
219817
219217
218617
218017
217417
216817
216217
215617
215017
214417
213817
213217
212617
212017
211417
210817
210217
209617
209017
208417
207817
207217
206617
206017
205417
204817
204217
203617
203016
202416
201816
201216
200616
200016
199416
198816
198216
197616
197016
196416
195816
195216
194616
194016
193416
192816
192216
191616
191016
190416
189816
189216
188616
188016
187416
186816
221017
305655
305055
304455
303855
303255
302655
302054
301454
300854
300254
299654
299054
298454
297854
297254
296654
296053
295453
294853
294253
293653
293053
293053
292453
291852
291252
290652
290051
289451
288850
288250
287650
287049
286449
285849
285248
284648
284048
283447
282847
282247
281646
281046
280445
279845
279245
278644
278044
278044
277444
276843
276243
275643
275043
274442
273842
273242
272641
272041
271441
270841
270240
269640
269040
268439
267839
267239
266639
266038
265438
264838
264237
263637
263037
262436
261836
261236
260636
260035
259435
258835
258234
257634
257034
256434
255833
255233
255233
254633
254032
253432
252832
252232
251631
251031
250431
249830
249230
248630
248030
247429
246829
246229
245629
244428
243828
243227
242627
242027
241427
240826
240226
239626
239025
238425
237825
237225
236624
236024
235424
234823
234223
233623
233023
232422
231822
231222
230621
230021
229421
228821
228220
227620
227020
226420
225819
225219
224619
224018
223418
222818
222218
221617
221017
13780
13180
12580
11981
11381
10781
10181
9581
