246959
246359
245759
245160
244560
243960
243360
242761
242161
241561
240961
240362
239762
239162
238562
237963
237363
236763
236163
235564
234964
234364
233764
233164
232565
231965
231365
230765
230166
229566
228966
228366
227767
227167
226567
225967
225368
224768
224168
223568
222969
222369
221769
221169
220569
219970
219370
218770
218170
217571
216971
216371
215771
215172
214572
213972
213372
212773
212173
211573
210973
210374
209774
209174
208574
207974
207375
206775
206175
205575
204976
204376
203776
203176
202577
201977
201377
200777
200178
199578
198978
198378
197779
197179
196579
195979
195379
194780
194180
193580
192980
192381
191781
191181
190581
189982
189382
188782
188182
187583
186983
186383
185783
185184
184584
183984
183384
182784
182185
181585
180985
180385
179786
179186
178586
177986
177387
176787
176187
175587
174988
174388
173788
173188
172589
171989
171389
170789
170190
169590
168990
168390
167790
167191
166591
165991
165391
164792
164192
163592
162992
162393
161793
161193
160593
159994
159394
158794
158194
157595
156995
156395
155795
155195
154596
153996
153396
152796
152197
151597
150997
150397
149798
149198
148598
147998
147399
146799
146199
145599
145000
144400
143800
143200
142600
142001
141401
140801
140201
139602
139002
138402
137802
137203
136603
136003
135403
134804
134204
133604
133004
132405
131805
131205
130605
130005
129406
128806
128206
127606
127007
126407
125807
125207
124608
124008
123408
122808
122209
121609
121009
120409
119810
119210
246959
246959
246960
246961
247562
247563
247564
247565
247566
248167
248168
248169
248170
248171
248772
248773
248774
248775
248776
249377
249378
249379
249380
249981
249982
249983
249984
249985
250586
250587
250588
250589
250590
251191
251192
251193
251194
251195
251796
251797
251798
251799
251800
252401
252402
252403
252404
252405
253006
253007
253008
253009
253010
253611
253612
253613
253614
254215
254216
254217
254218
254219
254820
254821
254822
254823
254824
255425
255426
255427
255428
255429
256030
256031
256032
256033
256034
256635
256636
256637
256638
256639
257240
257241
257242
257243
257244
257845
257846
257847
257848
258449
258450
258451
258452
258453
259054
259055
259056
259057
259058
259659
259660
259661
259662
259663
260264
260265
260266
260267
260268
260869
260870
260871
260872
260873
261474
261475
261476
261477
261478
262079
262080
262081
262082
262683
262684
262685
262686
262687
263288
263289
263290
263291
263292
263893
263894
263895
263896
263897
264498
264499
264500
264501
264502
265103
265104
265105
265107
265708
265709
265711
265712
266313
266314
266315
266316
266917
266918
266919
266921
267522
267523
267524
267525
267526
268127
268128
268130
268131
268732
268733
268734
268735
268736
268737
269338
269339
269340
269341
269342
269943
269944
269945
269946
269947
270548
270549
270550
270551
270552
270553
271154
271155
271156
271157
271158
271759
271760
271761
271762
271763
271764
272365
272366
272367
272368
272369
272970
272971
272972
272973
272974
273575
273576
273577
273578
273579
273580
274181
274182
274183
125358
124758
124158
123559
122959
122359
121759
121159
120559
119960
119360
118760
118160
117560
116960
116361
115761
115161
114561
113961
113361
112762
112162
111562
110962
110362
109763
109163
108563
107963
107363
106763
106164
105564
104964
104364
103764
103164
102565
101965
125358
161962
161362
160762
160162
159562
158962
158362
157762
157161
156561
155961
155361
154761
154161
153561
152961
151761
151161
150561
149961
149361
148761
148160
147560
146960
146360
145760
145160
144560
143960
143360
142760
142160
141560
140960
140360
139760
139160
138559
137959
137359
136759
136159
135559
134959
134359
133759
133159
132559
131959
131359
130759
130159
129558
128958
128358
127758
127158
126558
125958
161962
357733
357734
357735
358336
358337
358338
358339
358340
358941
358942
358943
358944
359545
359546
359547
359548
359549
357733
339000
339001
339002
339603
339604
339605
339606
339607
340208
340209
340210
340211
340812
340813
340814
340815
341416
341417
341418
341419
342020
342021
342022
342023
342024
342625
342626
342627
342628
343229
343230
343231
343232
343833
343834
343835
343836
344437
344438
344439
344440
344441
345042
345043
345044
345045
345646
345647
345648
345649
346250
346251
346252
346253
346854
346855
346856
346857
346858
347459
347460
347461
347462
348063
348064
348065
348066
348667
348668
348669
348670
348671
349272
349273
349274
349275
349876
349877
349878
349879
350480
350481
350482
350483
351084
351085
351086
351087
351088
351689
351690
351691
351692
352293
352294
352295
352296
352897
352898
352899
352900
353501
353502
353503
353504
353505
354106
354107
354108
354109
354710
354711
354712
354713
355314
355315
355316
355317
355318
355919
355920
355921
355922
356523
356524
356525
356526
357127
357128
357129
357130
357731
357732
101365
100765
100165
99565
98965
98365
97765
97165
96565
95964
95364
94764
94164
93564
92964
92364
91764
91164
90564
89964
89364
88764
88164
87564
86964
86364
85763
85163
84563
83963
83363
82763
82163
81563
80963
122175
121575
120975
120375
119774
119174
118574
117974
117374
116774
116173
115573
114973
114373
113773
113173
112573
111972
111372
110772
110172
109572
108972
108371
107771
107171
106571
105971
105371
104770
104170
103570
102970
102370
101770
101170
100569
99969
99369
98769
98169
97569
96968
96368
95768
95168
94568
93968
93368
92767
92167
91567
90967
90367
89767
89166
88566
87966
87366
86766
86166
85566
84965
84365
83765
83165
82565
81965
81364
80764
80164
79564
78964
78364
77763
77163
76563
75963
75363
74763
74163
73562
72962
72362
71762
71162
70562
69961
69361
68761
68161
67561
66961
66361
65760
65160
64560
63960
63360
62760
62159
61559
60959
60359
59759
59159
58559
57958
57358
56758
56158
55558
54958
54357
53757
53157
52557
51957
51357
50757
50156
49556
48956
48356
47756
47156
46555
45955
45355
44755
44155
43555
42954
42354
41754
41154
40554
39954
39354
38753
38153
37553
36953
36353
35753
35152
34552
33952
33352
32752
32152
31552
30951
30351
29751
29151
28551
27951
27350
26750
26150
25550
24950
24350
23750
23149
22549
21949
21349
20749
20149
19548
18948
18348
17748
17148
16548
15947
15347
14747
14147
12947
12347
11746
11146
10546
9946
9346
8746
8145
7545
6945
6345
14400
13800
13200
12600
12600
12000
11400
10800
10201
9601
9001
8401
7801
7201
6601
6002
5402
4802
4202
3602
3002
2402
1803
1203
603
3
6345
5745
5145
4544
3944
3344
2744
2144
1544
943
343
302737
302137
301537
300938
300338
299738
299138
298539
297939
297339
296739
296140
295540
294940
294340
293741
293141
292541
291941
291341
290742
290142
289542
288942
288343
287743
287143
286543
285944
285344
284744
284144
283545
282945
282345
281745
281146
280546
279946
279346
278746
278147
277547
276947
276347
275748
275148
274548
273948
273349
272749
272149
271549
270950
270350
269750
269150
268550
267951
267351
266751
266151
265552
264952
264352
263752
263153
262553
261953
261353
260754
260154
259554
258954
258355
257755
257155
256555
255955
255356
254756
254156
253556
252957
252357
251757
251157
250558
249958
249358
248758
248159
247559
302737
324329
323729
323129
322530
321930
321330
320730
320131
319531
318931
318331
317731
317132
316532
315932
315332
314733
314133
313533
312933
312333
311734
311134
310534
309934
309335
308735
308135
307535
306935
306336
305736
305136
304536
303937
303337
324329
359716
359116
358516
357916
357317
356717
356117
355517
354918
354318
353718
353118
352518
351919
351319
350719
350119
349520
348920
348320
347720
347121
346521
345921
345321
344721
344122
343522
342922
342322
341723
341123
340523
339923
339323
338724
338124
337524
336924
336325
335725
335125
334525
333925
333326
332726
332126
331526
330927
330327
329727
329127
328527
327928
327328
326728
326128
325529
324929
106715
106716
106717
106118
106119
106120
106121
106122
105523
105524
105525
105526
105527
104928
104929
104930
104931
104932
104333
104334
104335
104335
104336
104337
103738
103739
103740
103741
103742
103743
103144
103145
103146
103147
103148
102549
102550
102551
102552
102553
101954
101955
101956
101957
101958
101959
101360
101361
101362
101362
101363
101364
101365
274183
273583
272983
272383
271782
271182
270582
269982
269382
268782
268181
267581
266981
266381
265781
265181
264581
263980
263380
262780
262180
261580
260980
260379
259779
259179
258579
257979
257379
256778
256178
255578
254978
254378
253778
253178
252577
251977
251377
250777
250177
249577
248976
248376
247776
274183
280785
280185
279585
278984
278384
277784
277184
276584
275984
275383
274783
280785
310792
310192
309592
308992
308391
307791
307191
306591
305991
305391
304791
304190
303590
302990
302390
301790
301190
300590
299989
299389
298789
298189
297589
296989
296389
295789
295188
294588
293988
293388
292788
292188
291588
290987
290387
289787
289187
288587
287987
287387
286786
286186
285586
284986
284386
283786
283186
282585
281985
281385
310792
341999
341399
340799
340199
339599
338999
338399
337798
337198
336598
335998
335398
334798
334198
333597
332997
332397
331797
331197
330597
329997
329396
328796
328196
327596
326996
326396
325796
325195
324595
323995
323395
322795
322195
321595
320994
320394
319794
319194
318594
317994
317394
316793
316193
315593
314993
314393
313793
313193
312592
311992
311392
157800
157801
157202
157203
157204
157205
157206
156607
156608
156609
156610
156611
156012
156013
156014
156015
156016
156017
155418
155419
155420
155421
155422
154823
154824
154825
154826
154827
154228
154229
154230
154231
154232
153633
153634
167985
167385
166785
166184
165584
164984
164384
163783
163183
162583
161983
161383
160782
160182
159582
158982
158381
157781
157181
157181
156581
155981
155381
154781
154180
153580
152980
152380
151780
151180
150580
149980
149380
148779
148179
147579
146979
146379
145779
145179
144579
143979
143378
142778
142178
141578
140978
140378
139778
139178
138578
137977
137377
136777
136177
135577
134977
134377
133777
133177
132576
131976
131376
130776
130176
129576
128976
128376
127776
127175
126575
125975
125375
124775
124175
123575
122975
122375
121774
121174
120574
119974
119374
119374
118774
118173
117573
116973
116373
115772
115172
114572
113971
113371
112771
112170
111570
110970
110370
109769
109169
108569
107968
107368
106768
106167
105567
104967
104367
103766
103166
102566
101965
101365
312584
311984
311384
310784
310183
309583
308983
308383
307783
307183
306582
305982
305382
304782
304182
303582
302981
302381
301781
301181
300581
299981
299380
298780
298180
297580
296980
296380
295779
295179
294579
293979
293379
292779
292178
291578
290978
290378
289778
289178
288577
287977
287377
312584
345593
344993
344393
343793
343192
342592
341992
341392
340792
340192
339591
338991
338391
337791
337191
336591
335990
335390
334790
334190
333590
332990
332389
331789
331189
330589
329989
329389
328788
328188
327588
326988
326388
325788
325187
324587
323987
323387
322787
322187
321586
320986
320386
319786
319186
318586
317985
317385
316785
316185
315585
314985
314384
313784
313184
345593
80963
80363
79763
79163
78563
77963
77363
76763
76163
75564
74964
74364
73764
73164
72564
71964
71364
70764
70164
69564
68964
68364
67764
67164
66564
65965
65365
64765
64165
63565
62965
62365
61765
61165
60565
59965
59365
58765
58165
57565
56965
56366
55766
55166
54566
53966
53366
52766
52166
51566
50966
50366
49766
49166
48566
47966
47366
46767
46167
45567
44967
44367
43767
43167
42567
41967
41367
40767
40167
39567
38967
38367
37767
37168
36568
35968
35368
34768
34168
33568
32968
32368
31768
31168
30568
29968
29368
28768
28168
27568
26969
26369
25769
25169
24569
23969
23369
22769
22169
21569
20969
20369
19769
19169
18569
17969
17370
16770
16170
15570
14970
14370
13770
13170
12570
11970
11370
10770
10170
9570
8970
8370
7771
7171
6571
5971
5371
4771
4171
3571
2971
2371
1771
1171
571
101365
101366
101367
100768
100769
100770
100771
100772
100173
100174
100175
100176
100177
99578
99579
99580
99581
99582
99583
98984
98985
98986
98987
98988
98389
98390
98391
98392
98393
97794
97795
97796
97797
97798
97199
101365
190199
189599
188999
188398
187798
187197
186597
185997
185396
184796
184196
183595
182995
182394
181794
181194
180593
179993
179392
178792
178192
177591
176991
176390
175790
175190
174589
173989
173389
172788
172188
171587
170987
170387
169786
169186
168585
167985
252533
251933
251334
250734
167985
167986
168587
168588
169189
169190
169191
169792
169793
169794
170395
167985
267529
266929
266329
265729
265130
264530
263930
263330
262730
262130
250734
250134
249534
248934
248334
247734
247134
246535
245935
245335
244735
244135
243535
242935
240529
241130
241131
241732
242333
242334
240529
238123
238124
238725
239326
239927
239928
227856
227857
227858
227859
227860
228461
228462
228463
228464
229065
229066
229067
229068
229069
229670
229671
229672
229673
229674
230275
230276
230277
230879
230880
230881
230882
231484
231485
231486
222431
221831
221231
220631
220031
219432
218832
192441
191841
191241
190642
190042
189442
188842
188242
187643
29400
29401
29402
29403
28804
28805
28806
28807
28808
28209
28210
28212
28213
27614
27616
27617
27618
27019
27020
27021
27022
27023
26424
26425
26426
26427
26428
25829
25830
25831
25832
25833
25234
25235
25236
25237
25238
24639
24640
24641
24642
24643
24044
24045
24046
24047
24048
23449
23450
23451
23452
23453
22854
22855
22856
22857
22858
22259
22260
22261
22262
22263
21664
21665
21666
21667
21668
21069
21070
21071
21072
21073
20474
20475
20476
20477
20478
19879
19880
19881
19882
19883
19284
19285
19286
19287
19288
18689
18690
18691
18692
18693
18094
18095
18096
18097
18098
17499
17500
17501
17502
17503
16904
16905
16906
16907
16908
16309
16310
16311
16312
16313
16314
15715
15716
15717
15718
15719
15120
15121
15122
15123
15124
14525
14526
14527
14528
14529
13930
13931
13932
13933
13934
13335
13336
13337
13338
13339
12740
12741
12742
12743
12744
12145
12146
12147
12148
12149
11550
11551
11552
11553
11554
10955
10956
10957
10959
10360
10361
10362
10363
10364
9765
9766
9767
9768
9769
9170
9171
9172
9173
9174
8575
8576
8577
8578
8579
7980
7981
7982
7983
7984
7385
7386
7387
7388
7389
6790
6791
6792
6793
6794
6195
6196
6197
6198
6199
5601
5602
5603
5604
5005
5006
5007
5008
5009
4410
4411
4412
4413
4414
3815
3816
3817
3818
3819
3220
3221
3222
3223
3224
2625
2626
2627
2627
2628
2629
2030
2031
2034
1435
1436
1437
1438
1439
840
841
842
843
844
245
246
247
248
249
250
211778
211779
211780
211181
211182
211183
211184
211185
211186
210587
210588
210589
210590
210591
209992
209993
209994
209994
209995
209996
209997
209398
209399
214769
214770
214771
214772
214773
214174
214175
214176
214177
214769
280199
280199
280792
280793
280794
280795
280196
280197
280198
280792
280785
280786
280787
280788
280789
280790
280791
280785
357733
357133
356534
355934
355334
354734
354135
353535
352935
352335
351736
351136
350536
349936
349337
348737
348137
334942
292463
292464
292465
293066
293067
293068
293069
293670
293671
293672
293673
293674
294275
294276
294277
294278
294279
294880
294881
294882
294883
295484
295485
295486
295487
295488
296089
296090
296091
296092
296093
296694
296695
296696
296697
297298
292463
285812
285813
285814
286415
286416
286417
286418
287019
287020
287021
287022
287023
287624
287625
287626
287627
287628
288229
288230
288231
288232
288833
288834
288835
288836
288837
289438
289439
289440
289441
289442
290043
290044
290045
290046
290647
290648
290649
290650
290651
291252
291253
291254
291255
291256
291857
291858
291859
291860
292461
292462
285812
283394
283395
283396
283997
283998
283999
284000
284601
284602
284603
284604
284605
285206
285207
285208
285209
285810
285811
283394
279162
279163
279164
279765
279766
279767
279768
280369
280370
280371
280372
280373
280974
280975
280976
280977
280978
281579
281580
281581
281582
282183
282184
282185
282186
282187
282788
282789
282790
282791
283392
283393
279162
312750
312150
311550
310951
310351
309751
309151
308551
307952
307352
306752
306152
305553
304953
304353
303753
303153
302554
301954
301354
300754
300154
299555
298955
298355
297755
297156
296556
295956
295356
294756
294157
293557
292957
292357
291757
291158
290558
289958
289358
288759
288159
287559
286959
286359
285760
285160
284560
283960
283360
282761
282161
281561
280961
280362
279762
312750
300322
300323
300324
300325
300926
300927
300928
301529
301530
301531
302132
302133
302134
302135
302736
326541
326542
327143
327144
359798
359198
358599
357999
357399
356799
356200
355600
355000
354400
353801
353201
352601
352001
351402
350802
350202
349602
349003
348403
347803
347203
346603
346004
345404
344804
344204
343605
343005
342405
341805
341206
340606
340006
339406
338807
338207
359799
359200
358601
358002
358003
357404
356805
356206
355607
355607
355608
355609
355010
355011
355012
355013
354414
354415
354416
354416
354417
353818
353819
353820
353821
353222
353223
353224
352627
352628
352029
352030
292463
291863
291263
290663
290063
289462
275059
274459
273859
273259
272659
272059
271459
270859
270258
269658
269058
268458
268458
267858
267258
266658
266058
265457
264857
264257
263657
263057
262450
262451
262452
262453
263054
263055
263056
262450
263057
262457
261857
261256
260656
260056
236649
236048
235448
225245
224645
204838
204238
203638
201837
201237
200637
200037
198836
198236
197636
197036
196436
195235
194635
194035
193435
192835
192234
191634
191034
195791
195792
195793
195194
195195
195196
195197
195198
195199
194600
194601
194602
194603
194604
194005
194006
194007
194008
194009
193410
193411
193412
193413
193414
193415
192816
192817
192818
192819
192820
192221
192222
192223
192224
192225
191626
191627
191628
191629
191630
191631
191032
191033
195791
199358
199359
199360
198761
198762
198763
198764
198765
198766
198167
198168
198169
198170
198171
197572
197573
197574
197575
197576
197577
196978
196979
196980
195789
195790
199358
199358
198758
198158
197558
180151
179551
178951
177150
176550
175950
198192
197591
196991
196391
260609
258208
255207
254607
242604
242004
241404
240803
230601
230001
229401
228800
285812
285212
284612
284012
283412
282812
282212
281611
281011
280411
279811
279211
278611
278011
265409
264809
285812
318284
318285
318886
318887
318888
318889
319490
319491
319492
319493
320094
322515
322516
322517
323118
323119
323120
323121
323122
323723
323724
323725
323726
324327
324328
324329
268456
268457
268458
357371
356771
356171
355572
354972
354372
308190
280614
281215
281216
287235
287236
287237
286638
286042
286043
298017
297418
296818
296219
298017
303415
302216
301616
301016
300416
299816
299217
298617
330414
329814
329214
328615
328015
327415
326815
326216
325616
325016
324416
323817
323217
322617
322017
321418
330414
331013
240529
239929
239329
238729
238129
237528
236928
236328
235728
235128
234528
233928
233328
232728
232127
231527
230927
230327
229727
229127
228527
227927
227326
226726
226126
225526
224926
224326
223726
223126
222526
221925
221325
220725
220125
219525
218925
218325
217725
217125
216524
214124
213524
212924
209923
207523
206322
198521
196120
195520
194920
194320
193720
192520
191920
190719
190119
189519
188919
187119
185318
184718
184118
183518
182918
182318
181718
180517
179917
179317
178717
178117
174480
174481
174482
175083
175084
175085
175086
175087
175088
175089
176905
176906
176907
178115
178116
12600
12600
12601
12602
12603
12004
12005
12006
12007
12008
12009
11410
11411
11412
21009
20409
19809
19210
18610
18010
13211
12612
12012
21009
21009
21010
21011
20412
20413
20414
20415
20416
19817
19818
19819
19820
19821
19822
19223
19224
19225
19226
19227
18036
18037
16847
16848
9708
9709
9710
9711
9112
9113
9114
9115
9116
7924
7925
7926
7927
7328
7329
7330
7331
7332
5543
5548
3762
3763
3164
2572
2573
2574
1977
1978
1979
1383
1384
788
789
5155
4555
3955
3354
2754
2154
1554
954
354
5155
6345
6346
6347
5748
5749
5750
5751
5752
5153
5154
6345
7536
7537
7538
6939
6940
6941
6942
6343
6344
7536
7536
6936
5135
4535
3935
3335
2735
2135
1534
934
334
8633
8634
8635
8037
8038
8039
8040
8041
7443
7444
7445
7446
6847
6848
6849
6850
6851
6252
6253
6254
6255
6256
5657
5658
5659
5660
5062
5063
5064
5065
5066
4467
4468
4469
4470
4471
3872
3873
3874
3875
3876
3277
3278
3279
3280
3281
2682
2683
2684
2685
2086
2087
2088
2089
2090
1491
1492
1493
1494
1495
896
897
898
899
900
301
302
303
304
305
34807
34808
34809
34210
34211
34212
34213
34214
33615
33616
33617
33618
33619
33020
33021
33022
33023
33024
33025
32426
32427
32428
32429
32430
31831
31832
31833
31834
31835
31236
31237
31238
31239
31240
30641
30642
30643
30644
30645
30046
30047
30048
30049
30050
29451
29452
29453
29454
29455
29456
28857
28858
28859
28860
28861
28262
28263
28264
28265
28266
27667
27668
27669
27670
27671
27072
27073
27074
27075
27076
26477
26478
26479
26480
25883
25884
25288
25289
25290
25292
24693
24694
24695
24696
24697
24098
24099
24100
24101
24102
23503
23504
23505
23506
23507
22908
22909
22315
22316
22317
22318
21719
21720
21721
21722
21723
21124
21125
21126
21127
21128
20529
20530
20531
20532
20533
19936
19937
19938
19339
19340
19341
19342
19343
18744
18745
18746
18747
18748
18149
18150
18151
18152
18153
18154
17555
17556
17557
17558
17559
16960
16961
16962
16963
16964
16365
16366
16367
16368
16369
15770
15772
15773
15774
15175
15176
15177
15178
14582
13986
13987
13988
13989
13990
13393
12796
12797
12798
12799
12800
12201
12202
12205
11608
11609
11610
11011
11012
11013
11014
11015
11016
10417
10418
10419
10420
10421
9822
9823
9824
9825
9826
9227
9228
34807
50402
49802
42005
41405
40805
40205
39605
39006
37806
37206
36606
36007
35407
50402
50400
50401
145960
145961
145962
145363
145364
145365
145366
145367
145368
144769
144770
144771
144772
144773
144174
144175
144176
144177
144178
143579
143580
143581
143582
143583
143584
142985
142986
142987
142988
142989
142390
142391
142392
142393
142394
141795
141796
141797
141798
141799
141800
141201
141202
141203
141204
141205
140606
140607
140608
140609
140610
140611
140012
140013
140014
140015
140016
139417
139418
139419
139420
139421
138822
138823
138824
138825
138826
138827
138228
138229
138230
138231
138232
137633
137634
137635
137636
137637
137038
137039
137040
137041
137042
137043
136444
136445
136446
136447
136448
135849
135850
135851
135852
135853
135854
135255
135256
135257
135258
135259
134660
134661
134662
134663
134664
134065
134066
134067
134068
134069
134070
133471
133472
133473
133474
133475
132876
132877
132878
132879
132880
132281
132282
132283
132284
132285
132286
131687
131688
131689
131690
131691
131092
131093
131094
131095
131096
131097
130498
130499
130500
130501
130502
129903
129904
129905
129906
129907
129308
129309
129310
129311
129312
129313
128714
128715
128716
128717
128718
128119
128120
128121
128122
128123
127524
127525
127526
127527
127528
127529
126930
126931
126932
126933
126934
126335
126336
126337
126338
126339
126340
125741
125742
125743
125744
125745
125146
125147
125148
125149
125150
124551
124552
124553
124554
124555
124556
123957
123958
123959
123960
123961
123362
123363
123364
123365
123366
122767
122768
122769
122770
122771
122772
122173
122174
122175
122175
122176
122177
121578
121579
121580
121581
121582
121583
120984
120985
120986
120987
120988
120989
120390
120391
120392
120393
120394
120395
119796
119797
119798
119799
119800
119801
119202
119203
119204
119205
119206
119207
118608
118609
118610
118610
118611
118612
118013
118014
118015
118016
118017
118018
117419
117420
117421
117422
117423
116824
116825
116826
116827
116828
116229
116230
116231
116232
116233
116234
115635
115636
115637
115638
115639
115040
115041
115042
115043
115044
114445
114446
114447
114448
114449
114450
113851
113852
113853
113854
113855
113256
113257
113258
113259
113260
113261
112662
112663
112664
112665
112666
112067
112068
112069
112070
112071
111472
111473
111474
111475
111476
111477
110878
110879
110880
110881
110882
110283
110284
110285
110286
110287
109688
109689
109690
109691
109692
109693
109094
109095
109096
109096
109097
109098
108499
108500
108501
108502
108503
107904
107905
107906
107907
107308
107309
107310
107311
107312
106713
106714
106715
110430
110431
110432
109833
109834
109835
109836
109837
109238
109239
109240
109241
109242
109243
108644
108645
108646
108647
108648
108049
108050
108051
108052
108053
107454
107455
107456
107457
107458
107459
106860
106861
106862
106863
106864
106265
106266
106267
106268
106269
105670
105671
105672
105673
105674
105675
105076
105077
105078
105079
105080
104481
104482
104483
104484
104485
103886
103887
103888
103889
103890
103891
103292
103293
103294
103295
103296
102697
102698
110430
109826
109827
110428
110429
296052
295452
294852
294253
293653
285793
285794
285795
286396
286397
286398
286399
287001
287002
287003
287004
287605
287606
287607
287608
287609
288210
288211
288212
288213
288814
288815
288816
288817
288818
289419
289420
289421
289422
289423
290024
290025
290026
290027
290628
290629
290630
290631
290632
291233
291234
291235
291236
291837
291838
291839
291840
291841
292442
292443
292444
292445
292446
293047
293048
293049
293050
293651
293652
285793
285793
285193
284593
283994
283394
144728
144729
144730
144731
144732
144733
144734
144735
144736
145337
145338
145339
145340
145341
145342
145343
145344
145345
145346
145347
145348
145349
145350
145351
145352
145953
145954
145955
145956
145957
145958
145959
144728
153635
153636
153637
153638
153039
153040
153041
153042
153043
153044
152445
152446
152447
152448
152449
152450
151851
151852
151853
151854
151855
151856
151257
151258
151259
151260
151261
151262
150663
150664
150665
150666
150667
150668
150669
150070
150071
150072
150073
150074
150075
149476
149477
149478
149479
149480
149481
148882
148883
148884
148885
148886
148887
148288
148289
148290
148291
148292
148293
147694
147695
147696
147697
147698
147699
147700
147101
147102
147103
147104
147105
147106
146507
146508
146509
146510
146511
146512
145913
145914
145915
145916
145917
145918
145319
145320
145321
145322
145323
145324
144725
144726
144727
153635
167401
166802
166803
166804
166805
166806
166807
166208
166209
166210
166211
166212
165613
165614
165615
165616
165617
165019
165020
165021
165022
165023
164424
164425
164426
164427
164429
163830
163831
163832
163833
163235
163236
163237
163238
163239
163240
162641
162642
162643
162644
162645
162046
162047
162048
162049
162050
161451
161452
161453
160857
160858
160859
160860
160861
160262
160263
160264
160265
160266
160267
159668
159669
159670
159671
159672
159073
159074
159075
159076
159077
159078
158479
158480
158481
158482
158483
157884
157885
157886
157887
157889
157290
157291
157293
157294
156695
156696
156697
156698
156699
156700
156101
156102
156103
156104
156105
155506
155507
155508
155509
155510
154911
154912
154913
154914
154915
154916
154317
154318
154319
154320
154321
153722
153723
153724
153725
153726
153727
153128
153129
153130
153130
153131
152532
152533
151934
151935
151936
151337
151338
150739
150740
150741
150142
150143
149544
149545
149546
148947
148948
148349
148350
148351
147752
147753
147154
147155
147156
146557
146558
145959
145960
286856
286256
285656
285057
284457
283857
283257
282657
282058
281458
280858
280258
279658
279059
278459
277859
277259
276660
276060
275460
274860
274260
273661
273061
272461
271861
271261
270662
270062
269462
268862
268262
267663
267063
266463
265863
265263
264664
264064
259835
259836
259837
260438
260439
260440
260441
260442
261043
261044
261045
261046
261047
261648
261649
261650
261651
261652
262253
262254
259835
258019
258020
258021
258622
258623
258624
258625
258626
258627
259228
259229
259230
259231
259232
259833
259834
258019
263400
262801
262802
262203
262204
261605
261606
261007
261008
261009
260410
260411
259812
259813
259214
259215
258616
258617
258018
263400
263401
263402
264003
264004
264005
264006
264007
264008
264609
264610
264611
264612
264613
264614
264615
265216
265217
265218
265219
265220
265221
265822
265823
265824
265825
265826
265827
265828
266429
266430
266431
266432
266433
266434
267035
267036
267037
267038
303097
302497
301897
301298
300698
298299
297699
297099
296499
295900
295300
294700
294100
293501
292901
292301
291701
291102
290502
289902
289302
288702
288103
287503
286903
286303
285104
284504
283904
283304
282705
282105
281505
280905
280306
279706
279106
278506
277906
277307
276707
276107
275507
274908
274308
273708
273108
272509
271909
271309
270709
270109
269510
268910
268310
267710
267111
266511
265911
265311
264711
264112
263512
262912
262312
261713
261113
260513
259913
259314
258714
258114
255115
253916
250317
249717
249117
248517
244918
244318
243718
243118
242519
241919
240119
239519
238919
238318
237718
237118
236518
235918
235318
234718
234117
232317
229916
229316
228116
227516
226916
226315
225715
225115
224515
221514
220914
220314
219714
219114
238249
238250
238251
238252
238853
238854
238855
238856
238857
238858
239459
239460
238249
279162
278562
277962
277363
276763
276163
275563
274964
252718
253319
253320
253321
253322
253323
253324
249684
249685
249686
249687
251504
251505
251506
251507
252108
252109
252110
252111
252112
252113
252714
214769
214169
213569
212969
212369
211769
211169
210568
209968
209368
208768
208168
207568
206968
206368
205768
205168
204568
203968
203367
202767
202167
201567
200967
200367
199767
199167
198567
197967
197367
196767
196167
195566
194966
194366
193766
193166
192566
191966
191366
190766
190166
189566
188966
188366
187765
187165
186565
185965
185365
184765
184165
183565
182965
182365
181765
181165
180564
179964
179364
178764
178164
177564
176964
176364
175764
175164
174564
173964
173364
172763
172163
171563
170963
170363
169763
169163
168563
167963
167363
166763
166163
165562
164962
164362
163762
163162
162562
214769
247176
246576
245976
245376
244775
244175
243575
242975
242375
241775
241175
240575
239974
239374
238774
238174
237574
236974
236374
235774
235173
234573
233973
233373
232773
232173
231573
230973
230372
229772
229172
228572
227972
227372
226772
226171
225571
224971
224371
223771
223171
222571
221971
221370
220770
220170
219570
218970
218370
217770
217170
216569
215969
215369
247176
262864
262264
261665
261065
260465
259865
259265
258666
258066
257466
256866
256266
255666
262255
262256
262257
262858
262859
262860
262861
263462
263463
262255
334942
334342
333742
333143
332543
331943
331343
330744
330144
329544
328944
328345
327745
327145
327145
326545
325945
325346
324746
324146
323546
322946
322347
321747
321147
320547
319947
319348
318748
318148
317548
316949
316349
315749
315149
314549
313950
313350
312750
8629
8029
7428
6228
4428
3827
3227
11029
10429
65044
64444
63844
63244
62643
62043
61443
60843
60243
59643
59042
58442
57242
56642
56042
55441
54841
54241
53641
53041
52441
51840
51240
50640
50040
49440
48840
48239
47639
47039
46439
45839
45239
44638
44038
43438
42838
42238
41638
41037
40437
39837
39237
38637
38037
37436
36836
36236
35636
35036
34436
33835
33235
32635
32035
31435
30835
30234
29634
29034
28434
27834
65044
68612
68613
68614
68015
68016
68017
68018
68019
68020
67421
67422
67423
67424
67425
66826
66827
66828
66829
66830
66231
66232
66233
66234
66235
66236
65637
65638
65639
65640
65641
65042
65043
68612
68612
68012
67412
66812
66211
65611
65011
64411
63811
63211
62610
62010
61410
60810
60210
59610
59009
58409
57809
57209
57805
57206
57207
57208
76234
76235
75636
75637
75638
75639
75640
75641
75042
75043
75044
75045
75046
74447
72073
71474
71475
71476
71477
71478
71479
70880
70881
70882
70883
70884
70285
70286
70287
70288
70289
69690
69691
69692
69693
69694
69695
69096
69097
69098
69099
69100
68501
68502
68503
68504
68505
68506
67907
67908
67909
67910
67911
67312
67313
67314
67315
67316
67317
66718
66719
66720
66721
66722
66123
66124
66125
66126
66127
65528
65529
65530
65531
65532
65533
64934
64935
64936
64937
64938
64339
64340
64341
64342
64343
64344
63745
63746
63747
63748
63749
63150
63151
63152
63153
63154
62555
62556
62557
62558
62559
62560
61961
61962
61963
61964
61965
61366
61367
61368
61369
61370
61371
60772
60773
60774
60775
60776
60177
60178
60179
60180
60181
60182
59583
59584
59585
59586
59587
58988
58989
58990
58991
58992
58393
58396
74400
74401
74402
74403
74404
74405
75006
75007
75008
