42600
42601
42602
42003
42004
42005
41407
40810
40811
40812
40213
40214
40215
40216
39617
39618
39619
39020
39021
39022
38424
38425
38426
37827
37828
37829
37230
37231
37232
37233
36634
36635
36636
36037
36038
36039
35440
35441
35442
35443
34844
34845
34846
34247
34248
34249
34250
33651
33652
33653
33054
33055
33056
32457
32458
32459
32460
31861
31862
31862
31863
31864
31865
31266
31267
31268
31268
31269
30670
30671
30672
30673
30074
30075
30076
29477
29478
29479
29480
28881
28882
28883
28284
28285
28286
28287
27688
27689
27690
27091
27092
27093
26494
26495
26496
26497
25898
25899
25900
25301
25302
25303
25304
24705
24706
24707
24108
24109
24110
24111
23512
23513
23514
22915
22916
22917
22918
22319
22320
22321
21722
21723
21724
21725
21126
21127
21128
20529
20530
20531
20532
19933
19934
19935
19336
19337
19338
18739
18740
18741
18742
18143
18144
18145
17546
17547
17548
17549
16950
16951
16952
16353
16354
15160
15161
15162
15163
14564
14565
14566
13967
13968
13969
13970
13371
13372
13373
12774
12775
12776
12777
12178
12179
12180
11581
11582
11583
11584
10985
10986
10987
10388
10389
9794
9195
9196
9197
8598
8599
8600
8601
8002
8003
8004
7405
7406
7407
7408
6809
6810
6811
6212
6213
6214
6215
5616
5617
5618
5019
5020
5021
5022
4423
4424
4425
3826
3827
3828
3829
3230
3231
3232
2633
2634
2635
2036
2037
2038
2039
1440
1441
1442
843
844
845
846
247
248
249
262800
262801
262802
262803
262804
262205
262206
262207
262208
262209
261610
261611
261612
261613
261614
261015
261016
261017
261018
261019
260420
260421
260422
260423
260424
259825
259826
259827
259827
259828
259829
259230
259231
259232
259233
259234
258635
258636
258637
258638
258639
258040
258041
258042
258043
258044
257445
257446
257447
257448
257449
256850
256851
256852
256853
256854
256855
256256
256257
256258
256259
256260
255661
255662
255663
255664
255665
255066
255067
255068
255069
255070
254471
254472
254473
254474
254475
253879
253880
253283
253284
253285
252686
252687
252688
252689
252690
252091
252092
252093
252094
252095
251496
251497
251498
251499
251500
251501
250902
250903
250904
250905
250906
250307
250308
250309
250310
250311
249712
249713
249714
249715
249716
249117
249118
249119
249120
248522
248523
248524
248525
248526
247927
247928
247929
247930
247931
247332
247333
247334
247335
247336
246737
246738
246739
246740
246741
246142
246143
246144
246145
246146
246147
245548
245549
245550
245551
245552
244953
244954
244955
244956
244957
244358
244359
244360
244361
244362
243763
243764
243765
243766
243767
243168
243169
243170
243171
243172
242573
242574
242575
242576
242577
241978
241979
241980
241981
241982
241383
241384
241385
241386
241387
240788
240789
240790
240791
240792
240793
240194
240195
240196
240197
240198
239599
239600
239601
239602
239603
239004
239005
239006
239007
239008
238409
238410
238411
238412
238413
237814
237815
237816
237817
237818
237219
237220
237221
237222
237223
236624
236625
236626
236627
236628
236029
236030
236031
236032
236033
235434
235435
235436
235437
235438
235439
234840
234841
234842
234843
234844
234245
234246
234247
234248
234249
233650
233651
233652
233653
233654
233055
233056
233057
233058
233059
232460
232461
232462
232462
232463
232464
231865
231866
231867
231868
231869
231270
231271
231272
231273
230674
230675
230676
230677
230678
230079
230080
230081
230082
230083
229484
229485
229486
229487
228888
228889
228890
228891
228892
228293
228294
228295
228296
228297
227698
227699
227700
227701
227102
227103
227104
227104
227105
227106
226507
226508
226509
226510
226511
226512
225913
225914
225916
225917
225318
225319
225320
225321
225322
225323
224724
224725
224726
224727
224728
224129
224130
224131
224132
224133
224134
223535
223536
223537
223538
223539
222940
222941
222942
222943
222944
222945
222346
222347
222348
222349
222350
221751
221752
221753
221754
221756
221157
221158
221159
221161
220562
220563
220564
220565
220566
220567
219968
219969
219970
219971
219972
219373
219374
219375
219376
219377
218778
218779
218780
218781
218782
218783
218184
218185
218186
218187
218188
217589
217590
217591
217592
217593
217594
216995
216996
216997
216998
216999
216400
216401
216402
216403
216404
216405
215806
215807
215808
215809
215810
215211
215212
215213
215214
215215
215216
214617
214618
214619
214620
214621
214022
214023
214024
214025
214026
214027
213428
213429
213430
213431
213432
212833
212834
212835
212836
212837
212838
212239
212240
212241
212242
212243
211644
211645
211646
211647
211648
211649
211050
211051
211052
211053
211054
210455
210456
210457
210458
210459
210460
209861
209862
209863
209864
209865
209266
209267
209268
209269
209270
209271
208672
208673
208674
208675
208676
208077
208078
208079
208080
208081
208082
207483
207484
207485
207486
207487
206888
206889
206890
206891
206892
206893
206294
206295
206296
206297
206298
205699
205700
205701
205702
205703
205704
205105
205106
205107
205108
205109
204510
204511
204512
204513
204514
204515
203916
203917
203918
203919
203920
203321
203322
203323
203324
203325
202726
202727
202728
202729
202730
202731
202132
202133
202134
202135
202136
201537
201538
201539
201540
201541
201542
200943
200944
200945
200946
200947
200348
200349
200350
200351
200352
200353
199754
199755
199756
199757
199758
199159
199160
199161
199162
199163
199164
198565
198566
198567
198568
198569
197970
197971
197972
197973
197974
197975
197376
197377
197378
197379
197380
196781
196782
196783
196784
196785
196786
196187
196188
196189
78000
78001
78002
77403
77404
77405
77406
76807
76808
76809
76210
76211
76212
75613
75614
75615
75616
75017
75018
74420
74421
74422
74423
73824
73825
73826
73227
73228
73229
73230
72631
72632
72633
72034
72035
72036
71437
71438
71439
71440
70841
70842
70843
70244
70245
70246
70247
69648
69649
69650
69051
69052
69053
68454
68455
68456
68457
67858
67261
67262
67263
67264
66665
66666
66667
66068
66069
66070
65471
65472
65473
65474
64875
64876
64876
64877
64278
64279
64280
64281
63682
63683
63684
63085
63086
63087
62488
62489
62490
62491
61892
61893
61894
61295
61296
61297
60698
60699
60700
60701
60102
60103
60104
59505
59506
59507
58908
58909
58910
58911
58312
58313
58314
57715
57716
57717
57118
57119
57120
57121
56522
56523
56524
55925
55926
55927
55328
55329
55330
55331
54732
54733
54734
54135
54136
54137
54138
53539
53540
53541
52942
52943
52944
52345
52346
52347
52348
51749
51750
51751
51152
51153
51154
50555
50556
50557
50558
49959
49960
49961
49362
49363
49364
48765
48766
48767
48768
48169
48170
48171
47572
47573
47574
46975
46976
46977
46978
46379
46380
46381
45782
45783
45784
45185
45186
45187
45188
44589
44590
44591
43992
43993
43994
43995
43396
43397
43398
42799
42800
42801
42202
42203
42204
42205
41606
41607
41608
41009
41010
41011
40412
40413
40414
40415
39816
39817
39818
39219
39220
39221
38622
38623
38624
38625
38026
38027
38028
37429
37430
37431
36832
36833
36834
36835
36236
36237
36238
35639
35640
35641
35042
35043
35044
35045
34446
34447
34447
34448
33849
33850
33851
33852
33253
33254
33255
32656
32657
32658
32659
32060
32061
32062
31463
31464
31465
31466
30867
30868
30869
30270
30271
30272
30273
29674
29675
29676
29677
29078
29079
29080
28481
28482
28483
28484
27885
27886
27887
27288
27289
27290
27291
26692
26693
26694
26095
26096
26097
26098
25499
25500
25501
24902
24903
24904
24905
24306
24307
24308
23709
23710
23711
23712
23113
23114
23115
22516
22517
22518
22519
21920
21921
21922
21323
21324
21325
21326
20727
20728
20729
20130
20131
20132
20133
19534
19535
19536
19537
18938
18939
18940
18341
18342
18343
18344
17745
17746
17747
17148
17149
17150
17151
16552
16553
16554
15955
15956
15957
15958
15359
15360
15361
14762
14763
14764
14765
14166
14167
14168
13569
13570
13571
13572
12973
12974
12975
12376
12377
12378
12379
11780
11781
11782
11183
11184
11185
11186
10588
9395
9396
9397
8798
8799
8800
8201
8202
8203
8204
7605
7606
7607
7008
7009
7010
7011
6412
6413
6414
5815
5816
5817
5818
3430
3431
196189
196190
196191
195592
195593
195594
195595
195596
195597
194998
194999
359403
358803
358203
357603
357004
356404
355804
355204
354604
354004
353404
352805
352205
351605
351005
350405
349805
349205
348606
348006
347406
346806
346206
345606
345006
344407
343807
343207
342607
342007
341407
340808
340208
339608
339008
338408
337808
337208
336609
336009
335409
334809
334209
333609
333009
332410
331810
331210
330610
330010
329410
328810
328211
327611
327011
326411
325811
325211
324611
324012
323412
322812
322212
321612
321012
320412
319813
319213
318613
318013
317413
316813
316213
315614
315014
314414
313814
313214
312614
312014
311415
310815
310215
309615
309015
308415
307815
307216
306616
306016
305416
304816
304216
303616
303017
302417
301817
301217
300617
300017
299417
298818
298218
297618
297018
296418
295818
295218
294619
294019
293419
292819
292219
291619
291019
290420
289820
289220
288620
288020
287420
286821
286221
285621
285021
284421
283821
283221
282622
282022
281422
280822
280222
279622
279022
278423
277823
277223
276623
276023
275423
274823
274224
273624
273024
272424
271824
271224
270624
270025
269425
268825
268225
267625
267025
266425
265826
265226
264626
264026
263426
262826
262226
261627
261027
260427
259827
259827
259227
258627
258027
257428
256828
256228
255628
255028
254428
253829
253229
252629
252029
251429
250829
250230
249630
249030
248430
247830
247230
246630
246031
245431
244831
244231
243631
243031
242432
241832
241232
240632
240032
239432
238833
238233
237633
237033
236433
235833
235233
234634
234034
233434
232834
232234
231634
231035
230435
229835
229235
228635
228035
227436
226836
226236
225636
225036
224436
223836
223237
222637
222037
221437
220837
220237
219638
219038
218438
217838
217238
216638
216038
215439
214839
214239
213639
213039
212439
211840
211240
210640
210040
209440
208840
208241
207641
207041
206441
205841
205241
204641
204042
203442
202842
202242
201642
201042
200443
199843
199243
198643
198043
197443
196844
196244
195644
195044
194444
193844
193244
192645
192045
191445
190845
190245
189645
189046
188446
187846
187246
186646
186046
185447
184847
184247
183647
183647
183047
182447
181847
181248
180648
180048
179448
178848
178248
177648
177049
176449
175849
175249
174649
174049
173449
172849
172250
171650
171050
170450
169850
169250
168650
168051
167451
166851
166251
165651
165051
164451
163852
163252
162652
162052
161452
160852
160252
159653
159053
158453
157853
157253
156653
156053
155454
154854
154254
153654
153054
152454
151854
151254
150655
150055
149455
148855
148255
147655
147055
146456
145856
145256
144656
144056
143456
142856
142257
141657
141057
140457
140457
139857
139257
138657
138058
137458
136858
136258
135658
135058
134458
133859
133259
132659
132059
131459
130859
130260
129660
129060
128460
128460
127860
127260
126660
126061
125461
124861
124261
123661
123061
122461
121862
121262
120662
120062
119462
118862
118263
117663
117063
116463
115863
115263
114663
114064
113464
112864
112264
111664
111064
110464
109865
109265
108665
108065
107465
106865
106266
105666
105066
104466
103866
103266
102666
102067
101467
100867
100267
99667
99067
98467
97868
97268
96668
96068
95468
94868
94269
93669
93069
92469
92469
91869
91269
90669
90070
89470
88870
88270
87670
87070
86471
85871
85271
84671
84071
83471
82871
82272
81672
81072
80472
79872
79272
78672
78073
77473
76873
76273
75673
75073
74474
73874
73274
72674
72074
71474
70874
70275
69675
69075
68475
67875
67275
66676
66076
65476
64876
64876
64276
63676
63076
62476
61875
61275
60675
60075
59475
58875
58275
57675
57075
56475
55874
55274
54674
54074
53474
52874
52274
51674
51074
50473
49873
49273
48673
48073
48073
47473
46873
46272
45672
45072
44472
43872
43272
42671
42071
41471
40871
40271
39671
39070
38470
37870
37270
36670
36069
35469
34869
34269
33669
33069
32468
31868
31268
359743
359143
358543
357943
357342
356742
356142
355542
354942
354341
353741
353141
352541
351941
351341
350740
350140
349540
349540
348940
348340
347739
347139
346539
345939
345339
344739
344138
343538
342938
342338
341738
341138
340537
339937
339337
202497
201897
201297
200696
200096
199496
198896
198296
197696
197095
196495
195895
195295
194695
194095
193494
192894
192294
191694
191094
190493
189893
189293
188693
188093
187493
186892
186292
185692
185092
184492
183891
183291
182691
182091
181491
180891
180290
179690
179090
178490
177890
177290
176689
176089
175489
174889
174289
173688
173088
172488
171888
171288
170688
170087
169487
168887
168287
167687
167086
166486
165886
165286
164686
164086
163485
162885
162285
161685
161085
160485
159884
159284
158684
158084
157484
156883
156283
155683
155083
154483
153883
153282
152682
152082
151482
150882
150281
149681
149081
148481
147881
147281
146680
146080
145480
144880
144280
143680
143079
142479
141879
141279
140679
140078
139478
138878
138278
137678
137078
136477
135877
135277
134677
134077
133476
132876
132276
131676
131076
130476
129875
129275
128675
128075
127475
126875
126274
125674
125074
124474
123874
123273
122673
122073
121473
120873
120273
119672
119072
118472
117872
117272
116671
116071
115471
114871
114271
113671
113070
112470
111870
111270
110670
110070
109469
108869
108269
107669
107069
106468
105868
105268
104668
104068
103468
102867
102267
101667
101067
100467
99866
99266
98666
98066
97466
96866
96265
95665
95065
94465
93865
93265
92664
92064
91464
90864
90264
89663
89063
88463
87863
87263
86663
86062
85462
84862
84262
83662
83061
82461
81861
81261
80661
80061
79460
78860
78260
77660
77060
76460
75859
75259
74659
74059
73459
72858
72258
71658
71058
70458
69858
69257
68657
68057
67457
66857
66256
65656
65056
64456
63856
63256
62655
62055
61455
60855
60255
59655
59054
58454
57854
57254
56654
56053
55453
54853
54253
53653
53053
52452
51852
51252
50652
50052
49451
48851
48251
47651
47051
46451
45850
45250
44650
44050
43450
42850
42249
41649
41049
40449
39849
39248
38648
38048
37448
36848
36248
35647
35047
202497
227104
226504
225904
225303
224703
224103
223503
222903
222303
221702
221102
220502
219902
219302
218702
218101
217501
216901
216301
215701
215101
214500
213900
213300
212700
212100
211500
210899
210299
209699
209099
208499
207899
207298
206698
206098
205498
204898
204298
203697
203097
227104
269717
269117
268517
267916
267316
266716
266116
265516
264916
264315
263715
263115
262515
261915
261314
260714
260114
259514
258914
258314
257713
257113
256513
255913
255313
254712
254112
253512
252912
252312
251712
251111
250511
249911
249311
248711
248110
247510
246910
246310
245710
245109
244509
243909
243309
242709
242109
241508
240908
240308
239708
239108
238507
237907
237307
236707
236107
235507
234906
234306
233706
233106
232506
231905
231305
230705
230105
229505
228905
228304
227704
269717
339337
338737
338137
337536
336936
336336
335736
335136
334536
333935
333335
332735
332135
331535
330935
330334
329734
329134
328534
327934
327334
326733
326133
325533
324933
324333
323733
323132
322532
321932
321332
320732
320131
319531
318931
318331
317731
317131
316530
315930
315330
314730
314130
313530
312929
312329
311729
311129
310529
309929
309328
308728
308128
307528
306928
306328
305727
305127
304527
303927
303327
302726
302126
301526
300926
300326
299726
299125
298525
297925
297325
296725
296125
295524
294924
294324
293724
293124
292524
291923
291323
290723
290123
289523
288923
288322
287722
287122
286522
285922
285321
284721
284121
283521
282921
282321
281720
281120
280520
279920
279320
278720
278119
277519
276919
276319
275719
275119
274518
273918
273318
272718
272118
271518
270917
270317
339337
15864
15865
15866
15267
15268
15269
15270
14671
14672
14673
14074
14075
14076
14077
13478
13479
13480
12881
12882
12883
12884
12285
12286
12287
11688
11689
11690
11691
11092
11093
11094
10495
10496
10497
10498
9899
9900
9901
9302
9303
9304
9305
8706
8707
8708
8709
8110
8111
8112
7513
7514
7515
7516
6917
6918
6919
6320
6321
6322
6323
5724
5725
5726
5127
5128
5129
5130
4531
4532
4533
3934
3935
3936
2147
1548
1549
1550
1551
952
953
954
48073
48074
47475
47476
47477
47478
46879
46880
46881
46282
46283
46284
46285
45686
45687
45688
45689
45090
45091
45092
44493
44494
44495
44496
43897
43898
43899
43300
43301
43302
43303
42704
42705
42706
42107
42108
42109
42110
41511
41512
41513
40914
40915
40916
40917
40318
40319
40320
40321
39722
39723
39724
39125
39126
39127
39128
38529
38530
38531
37932
37933
37934
37935
37336
37337
37338
36739
36740
34950
34951
34952
34953
34354
34355
34356
33757
33758
33759
33760
33161
33162
33163
32564
32565
32566
30178
30179
30180
30181
29582
27793
27794
27795
27196
27197
27198
24810
24811
24812
24813
24214
24215
24216
24217
23618
23619
23620
23021
23022
23023
23024
22425
22426
22427
21828
21829
21830
21831
21232
21233
21234
20635
20636
20637
20638
20039
20040
20041
19442
19443
19444
19445
18846
18847
18848
18849
18250
18251
18252
17653
17654
17655
17656
17057
48073
54635
54636
54637
54038
54039
54040
54041
53442
53443
52251
51652
51653
51654
51055
51056
51057
50458
50459
50460
50461
49862
49863
49864
49265
49266
49267
48668
48669
48670
48671
48072
196189
195589
194989
194389
193789
193189
192589
191989
191389
190790
190190
189590
188990
188390
187790
187190
186590
185990
185390
184790
184190
183590
182990
182390
181790
181191
180591
179991
179391
178791
178191
177591
176991
176391
175791
175191
174591
173991
173391
172791
172191
171591
170992
170392
169792
169192
168592
167992
167392
166792
166192
165592
164992
164392
163792
163192
162592
161992
161393
160793
160193
159593
158993
158393
157793
157193
156593
155993
155393
154793
154193
153593
152993
152393
151794
151194
150594
149994
149394
148794
148194
147594
146994
146394
145794
145194
144594
143994
143394
142794
142194
141595
140995
140395
139795
139195
138595
137995
137395
136795
136195
135595
134995
134395
133795
133195
132595
131996
131396
130796
130196
129596
128996
128396
127796
127196
126596
125996
125396
124796
124196
123596
122996
122396
121797
121197
120597
119997
119397
118797
118197
117597
116997
116397
115797
115197
114597
113997
113397
112797
112198
111598
110998
110398
109798
109198
108598
107998
107398
106798
106198
105598
104998
104398
103798
103198
102599
101999
101399
100799
100199
99599
98999
98399
97799
97799
97199
96599
95999
95399
94799
94199
34447
33847
33247
32647
32047
31446
30846
30246
29646
29646
29047
28447
27848
27248
26649
26049
25450
24851
24251
23652
23052
22453
21853
21254
20655
20055
19456
18856
18257
17657
15258
14658
14058
13458
12858
12258
11659
11059
10459
9859
9259
8659
8059
7459
7459
6859
6258
5658
5058
4458
3857
3257
2657
2056
1456
856
256
6652
6052
5452
4852
4251
3651
3051
2451
1851
31862
31262
30662
30061
29461
28861
28261
27660
27060
26460
25860
25259
24659
24059
23459
22858
22258
21658
21058
20457
19857
19257
18657
31862
359971
359371
358771
358172
357572
356972
356372
355772
355172
354572
353972
353372
352772
352172
351572
350972
350372
349772
349172
348573
347973
347373
346773
346173
345573
344973
344373
343773
343773
343173
342573
341973
341373
340773
340174
339574
338974
338374
337774
337174
336574
335974
335374
334774
334174
333574
332975
332375
331775
331175
330575
329975
329375
328775
328175
327575
326975
326375
325776
325176
324576
323976
323376
322776
322776
322176
321576
320976
320376
319776
319176
318576
317976
317377
316777
316177
315577
314977
314377
313777
313177
312577
311977
311377
310777
310177
309577
308977
308377
307778
307178
306578
305978
305378
304778
304178
303578
303578
302978
302378
301778
301178
300578
299978
299378
298778
298179
297579
296979
296379
295779
295179
294579
293979
293379
292779
292179
291579
290979
290379
289779
289179
288580
287980
287380
286780
286180
285580
284980
284380
283780
283180
282580
281980
281380
280780
280180
279580
278981
278381
277781
277181
276581
275981
275381
274781
274181
273581
272981
272381
271781
271181
270581
269981
269382
268782
268182
267582
266982
266382
265782
265182
264582
263982
263382
262782
262182
261582
260982
260382
259782
259183
258583
257983
257383
256783
256183
255583
254983
254383
253783
253183
252583
251983
251383
250783
250183
249584
248984
248384
247784
247184
246584
245984
245384
244784
244184
243584
242984
242384
241784
241184
240584
239985
239385
238785
238185
237585
236985
236385
235785
235185
234585
233985
233385
232785
232185
231585
230985
230385
229786
229186
228586
227986
227386
226786
226186
225586
224986
224386
223786
223186
222586
221986
221386
220786
220187
219587
218987
218387
217787
217187
216587
215987
215387
214787
214187
213587
212987
212387
211787
211187
210588
209988
209388
208788
208188
207588
206988
206388
205788
205188
204588
203988
203388
202788
202188
201588
200989
200389
199789
199189
198589
197989
197389
196789
196189
323373
323374
322775
322776
322776
322777
322778
322180
322181
322182
322183
321584
321585
321586
321587
321588
320989
320990
320991
320992
320993
320994
320395
320396
320397
320398
320399
359646
359647
359648
359649
359650
359651
359052
359053
359054
359055
359056
358457
358458
358459
358460
358461
357862
357863
357864
357865
357866
357867
357268
357269
357270
357271
357272
356673
356674
356675
356676
356677
356678
356079
356080
356081
356082
356083
355484
355485
355486
355487
355488
354889
354890
354891
354892
354893
354894
354295
354296
354297
354298
354299
353700
353701
353702
353703
353704
353705
353106
353107
353108
353109
353110
352511
352512
352513
352514
352515
351916
351917
351918
351919
351920
351921
351322
351323
351324
351325
351326
350727
350728
350729
350730
350731
350132
350133
350134
350135
350136
350137
349538
349539
349540
349540
349541
349542
348943
348944
348945
348946
348947
348348
348349
348350
348351
348352
348353
347754
347755
347756
347757
347758
347159
347160
347161
347162
347163
346564
346565
346566
346567
346568
345969
345970
345971
345972
345973
345374
345375
345376
345377
345378
345379
344780
344781
344782
344783
344784
344185
343593
343594
342405
341809
341810
341211
341213
341215
340617
340619
340620
340022
340025
340026
339427
339428
339429
339430
339431
338832
338833
338834
338835
338836
338237
338238
338239
338240
338241
337642
337643
337644
337645
337646
337647
337048
337049
337050
337051
337052
336453
336454
336455
336456
336457
335858
335859
335860
335861
335862
335263
335264
335265
335266
335267
334668
334669
334670
334671
334672
334673
334074
334075
334076
334077
334078
333479
333480
333481
333482
333483
332884
332885
332886
332887
332888
332289
332290
332291
332292
332293
331694
331695
331696
331697
331698
331699
331100
331101
331102
331103
331104
330505
330506
330507
330508
330509
329910
329911
329912
329913
329914
329315
329316
329317
329318
329319
329320
328721
328722
328723
328724
328725
328126
328127
328128
328129
328130
327531
327532
327533
327534
327535
326936
326937
326938
326939
326940
326341
326342
326343
326344
326345
326346
325747
325748
325749
325750
325751
325152
325153
325154
325154
325155
325156
325157
324558
324559
324560
324561
324562
324563
323964
323965
323966
323967
323968
323969
323370
323371
323372
323373
190389
190390
190391
189792
189793
189794
189795
189796
189797
189198
189199
189200
189201
189202
188603
188604
188605
188606
188607
188008
188009
188010
188011
188012
188013
187414
187415
187416
187417
187418
186819
186820
186821
186822
186823
186224
186225
186226
186227
186228
186229
185630
185631
185632
185633
185634
185035
185036
190389
232462
231862
231262
230661
230061
229461
228861
228261
227661
227060
226460
225860
225260
224660
224060
223459
222859
222259
221659
221059
220458
219858
219258
218658
218058
217458
216857
216257
215657
215057
214457
213857
213256
212656
212056
212056
211455
210854
210254
209653
209052
208451
207850
207249
206649
206048
205447
204846
204245
203644
203044
202443
201842
201842
201242
200642
200041
199441
198841
198241
197641
197041
196440
195840
195240
194640
194040
193440
192839
192239
191639
191039
190439
189838
189238
188638
188038
187438
186838
186237
185637
185037
185037
184437
183837
183237
182636
182036
181436
180836
180236
179636
179035
178435
177835
177235
176635
176035
175434
174834
174234
173634
173034
172434
171833
171233
170633
170033
169433
168833
168232
167632
167032
166432
165832
165232
164631
164031
163431
162831
97179
97180
97181
97182
97183
97184
97185
97186
97187
97188
97790
97791
97792
97793
97794
97795
97796
97797
97798
101335
101336
100737
100738
100139
100140
100141
99542
99543
98944
98945
98946
98347
98348
97749
101335
108481
108482
108483
107884
107885
107886
107887
107288
107289
107290
107291
107292
106693
106694
106695
106696
106097
106098
106099
106100
106101
105503
105504
105505
104906
104907
104908
104909
104910
104311
104312
104313
103715
103716
103717
103718
103719
103120
103121
103122
103123
102524
102525
102526
102527
102528
101929
101931
101932
101333
101334
108481
113271
112672
112073
112074
111475
110876
110277
109678
109679
109080
113271
80796
98798
98199
97599
125195
124594
123994
123393
122792
122191
121591
120990
120389
119789
119188
118587
117986
117386
116785
116184
115584
114983
114382
113781
125195
125195
125196
124011
124012
124013
124014
124015
123416
123417
123418
123419
123420
123421
122229
121630
121031
120431
119832
119233
118634
118035
117436
116837
116237
115638
115039
118084
117483
116883
131293
130692
130091
128890
131293
136690
136090
135490
134891
134291
133691
133092
132492
131893
143281
142682
142083
141484
140885
140286
139687
143281
143877
143878
143279
143280
149853
149253
148653
184666
184066
183466
182865
182265
181665
181065
180464
179864
179264
178664
178063
177463
176863
171461
170861
170261
169660
169060
168460
167860
167259
166659
166059
165459
164858
164258
163658
163058
162458
161857
161257
160657
160057
159456
158856
158256
157656
157056
184666
138633
138634
139235
139236
139237
139238
139850
139851
139852
140453
140454
140455
140456
345323
345324
345325
345326
344727
344728
344729
344729
344129
343529
342928
342328
341728
341128
340527
339927
339327
339327
339328
339329
339330
338731
338732
338733
338734
338735
338736
338737
338138
338139
338140
338141
338142
338143
337544
337545
337546
337547
342349
341749
341149
340548
339948
339348
338748
338147
342349
342349
342350
342351
325154
324554
323954
323354
322754
322155
321555
320955
325154
332353
331753
331153
330553
329953
329353
328753
328154
327554
326954
326354
325754
332353
354952
354953
354954
354357
354358
354359
353760
353761
353762
353763
353764
353765
353166
353167
353168
353169
353170
352571
352572
352573
352574
352575
351976
351977
351978
351979
351980
351981
351382
351383
351384
351385
351386
350787
350788
350789
350790
350791
350192
350193
350194
350195
350196
349597
349598
349599
349600
349601
349602
349003
349004
349005
349006
349007
348408
348409
348410
348411
348412
347813
347814
347815
347816
347817
347818
347219
347220
347221
347222
347223
346624
346625
346626
346627
346628
346029
346030
346031
346032
346033
345434
345435
345436
345437
345438
345439
344840
344841
344842
344843
344844
344245
344246
344247
344248
344249
343650
343651
343652
343653
343654
343655
343056
343057
343058
343059
343060
342461
342462
342463
342464
342465
341866
341867
341868
341869
341870
341871
341272
341273
341274
341275
341276
340677
340678
340679
340680
340681
340082
340083
340084
340085
340086
339487
339488
339489
339490
339491
339492
338893
338894
338895
338896
338897
338298
338299
338300
338301
338302
337703
337704
337705
337706
337707
337708
337109
337110
337111
337112
337113
336514
336515
336516
336517
336518
335919
335920
335921
335922
335923
335324
335325
335326
335327
335328
335329
334730
334731
334732
334733
334734
334135
334136
334137
334138
334139
333540
333541
333542
333543
333544
333545
332946
332947
332948
332949
332950
332351
332352
354952
359754
359153
358553
357953
357353
356753
356152
355552
359734
359134
358534
357933
357333
356733
359705
359706
359707
359708
359709
359110
359111
359112
359113
359114
358515
358516
358517
358518
358519
358520
357921
357922
357923
357924
357925
357326
357327
357328
357329
357330
356731
356732
169324
169925
169926
169927
169928
169928
169929
170530
170531
170532
171133
174738
174137
173537
172936
172335
174738
177738
177138
176538
175938
175338
182536
181936
181337
182536
183734
183135
186124
186125
186126
185528
186124
186121
186122
186123
183647
183648
183649
183650
184251
184252
184866
185467
185468
135142
134542
138751
138752
138753
138154
138155
138156
138157
137558
137559
137560
138751
128460
128461
128462
128463
129064
129065
129066
129067
129068
129069
129070
129071
129672
129673
129674
129675
129676
129677
129678
129679
130280
130281
130282
128460
155528
155529
155530
155531
155532
155533
155534
155535
156136
156137
156138
156139
156139
156140
156141
155542
155543
155544
155545
155546
155547
154948
154949
154950
154951
154952
154353
154354
154355
154355
153755
153155
152555
151954
151354
150754
150154
149554
148954
148353
147753
147153
146553
145953
145353
144753
144152
143552
142952
142352
141752
141152
140551
139951
139351
138751
138751
138151
137551
136950
136350
135750
135142
135143
135144
135145
135146
135747
135748
135749
135142
134533
134534
134535
134536
134537
134538
135139
135140
135141
92469
92470
92471
92472
92473
92474
93075
93076
93077
93078
93079
93080
93081
93082
93083
93084
93085
93086
93687
93688
93689
93690
93691
95516
96117
96118
96118
96119
96120
96121
96722
96723
96724
100328
99727
99127
98526
97925
97325
100328
105729
105129
104529
103929
103329
102728
102128
101528
100928
105729
110527
109927
109327
108728
108128
107528
106928
106329
110527
105116
104516
103916
103316
101517
100917
100317
99717
99117
98517
97918
97318
96718
96118
96118
95518
94918
94318
93719
93119
92519
91919
91919
91920
91921
92522
92523
92524
92525
93126
93127
93128
99735
99135
98534
97933
97333
96732
96131
95531
94930
94329
93729
111134
110534
109934
109334
108734
108135
107535
106935
106335
105735
105135
104535
103935
103335
102736
102136
101536
111134
111462
111463
110867
109078
109079
108480
108481
116283
115683
115083
114483
113882
113282
112682
112082
111482
110882
110281
109681
109081
116283
112059
111462
269717
269718
269719
269120
269121
269122
269123
269124
268525
268526
268527
268528
269717
265556
265557
263174
263175
263176
263177
262579
262580
262581
262582
261985
260199
260200
260201
260202
259603
259604
259605
259606
259607
259608
259009
260199
