304121
304122
304123
304724
304725
304726
304727
305328
305329
305330
305331
305932
305933
305934
305935
306536
306537
306538
306539
307140
307141
307142
307143
307744
307745
307746
307747
308348
308349
308350
308351
308952
308953
308954
308955
309556
309557
309558
309559
310160
310161
310162
310163
310764
310765
310766
310767
311368
311369
311370
311371
311972
311973
311974
311975
312576
312577
312578
312579
313180
313181
313182
313183
313784
313785
313786
313787
314388
314389
314390
314391
314392
314993
314994
314995
314996
315597
315598
315599
304121
301703
301704
301705
302306
302307
302308
302309
302910
302911
302912
302913
302914
303515
303516
303517
303518
304119
304120
301703
301084
301085
301086
301087
301088
301089
301090
301091
301092
301093
301694
301695
301696
301697
301698
301699
301700
301701
301702
301084
302271
302272
302273
302274
301675
301676
301677
301678
301679
301680
301081
301082
301083
302271
305257
305258
304659
304660
304661
304062
304063
304064
303465
303466
302867
302868
302869
302270
305257
312443
311844
311245
310646
310647
310048
309449
308850
308251
307652
307053
307054
306455
305856
312443
322635
322035
321436
320836
320237
319637
319038
318438
317839
317239
316640
316040
315441
314841
314242
313642
313043
322635
13201
13202
13203
13804
13805
13806
13807
13808
14409
14410
14411
14412
15013
15015
15016
15017
15618
15620
15621
15622
16223
16224
16225
16226
16827
16828
16829
16830
16831
17432
17433
17434
17435
18036
18037
18038
18039
18040
18641
18642
18643
18644
19245
19246
19247
19248
19249
19850
19851
19852
19853
19854
20455
20456
20457
20458
21059
21060
21061
21061
21062
21063
21664
21665
21666
21667
22268
22269
22270
22271
22272
22873
22874
22875
22876
23477
23478
23479
23480
23481
24082
24083
24084
24085
24686
24687
24688
24689
24690
25291
25292
25293
25294
25895
25896
25897
25898
25899
26500
26501
26502
26503
27104
27105
27106
27107
27108
27709
27710
27711
27712
28313
28314
28315
28316
28317
28918
28919
28920
28921
29522
29523
29524
29524
29525
29526
30127
30128
30129
30130
30131
30732
30733
30734
30735
31336
31337
31338
31339
31340
31941
31942
31943
31943
31944
31945
32546
32547
32548
32549
33150
33151
33152
33153
33154
33755
33756
33757
33758
34359
34360
34361
34362
34363
34964
34965
34966
34967
35568
35569
35570
35571
35572
36173
36174
36175
36176
36777
36778
36779
36780
36781
37383
37384
37385
37986
37987
37988
37989
37990
38592
38593
38594
39195
39196
39197
39198
39199
39800
39801
39802
39803
40404
40405
40406
40407
40408
41009
41010
41011
41012
41613
41614
41615
41616
41617
42218
42219
42220
42221
42822
42823
42824
42825
42826
43427
43429
43430
44031
44032
44033
44034
44035
44636
44637
44638
44639
45240
45241
45242
45243
45244
45845
45846
45847
45848
46449
46450
46451
46452
46453
47054
47055
47056
47057
47658
47659
47660
47661
47662
48263
48264
48265
48266
48867
48868
48869
48870
48871
49472
49473
49474
49475
50076
50077
50078
50079
50080
50681
50682
50683
50684
51285
51286
51287
51288
51289
51890
51891
51892
51893
52494
52495
52496
52496
52497
52498
53099
53100
53101
53102
53703
53704
53705
53706
53707
54308
54309
54310
54311
54912
54913
54914
54915
54916
55517
55518
55519
55520
56121
56122
56123
56124
56125
56726
56727
56728
56729
56730
57331
57332
57333
57334
57935
57936
57937
57938
57939
58540
58541
58542
58543
59144
59145
59146
59147
59148
59749
59750
59751
59752
60353
60354
60355
60356
60357
60958
60959
60960
60961
61562
61563
61564
56979
56980
56981
56982
56983
56984
56385
56386
56387
56388
56389
56390
56391
56392
56393
56394
55795
55796
55797
55798
55799
56979
54550
54551
54552
54553
55154
55155
55156
55157
55158
55159
55160
55761
55762
55763
55764
55765
55766
55767
55768
56369
56370
56371
56372
56373
56374
56375
56976
56977
56978
54550
31585
31586
31587
32188
32189
32190
32191
32792
32793
32794
32795
33396
33397
33398
33399
33400
34001
34002
34003
34004
34605
34606
34607
34608
35209
35210
35211
35212
35213
35814
35815
35816
35817
36418
36419
36420
36421
37022
37023
37024
37025
37026
37627
37628
37629
37630
38231
38232
38233
38234
38835
38836
38837
38838
38839
39440
39441
39442
39443
40044
40045
40046
40047
40648
40649
40650
40651
40652
41253
41254
41255
41256
41857
41858
41859
41860
42461
42462
42463
42464
42465
43066
43067
43068
43069
43670
43671
43672
43673
43674
44275
44276
44277
44278
44879
44880
44881
44882
45483
45484
45485
45486
45487
46088
46089
46090
46091
46692
46693
46694
46695
47296
47297
47298
47299
47300
47901
47903
47904
48505
48506
48507
48508
49109
49110
49111
49112
49113
49714
49715
49716
49717
50318
50319
50320
50321
50922
50923
50924
50925
50926
51527
51528
51529
51530
52131
52132
52133
52134
52735
52736
52737
52738
52739
53340
53341
53342
53343
53944
53945
53946
53947
54548
54549
31585
22516
22517
22518
23119
23120
23121
23122
23723
23724
23725
23726
23727
24328
24329
24330
24331
24332
24933
24934
24935
24936
25537
25538
25539
25540
25541
26142
26143
26144
26145
26746
26747
26748
26749
26750
27351
27352
27353
27354
27355
27956
27957
27958
27959
28560
28561
28562
28563
28564
29165
29166
29167
29168
29769
29770
29771
29772
29773
30374
30375
30376
30377
30378
30979
30980
30981
30982
31583
31584
22516
21309
21310
21911
21912
21913
21914
22515
21309
18893
18894
18895
19496
19497
19498
19499
20100
20101
20102
20103
20704
20705
20706
20707
21308
18893
150
151
152
153
754
755
756
757
758
1359
1360
1361
1362
1963
1964
1965
1966
1967
2568
2569
2570
2571
3172
3173
3174
3175
3176
3777
3778
3779
3780
3781
4382
4383
4384
4385
4986
4987
4988
4989
4990
5591
5592
5593
5594
6195
6197
6198
6199
6800
6801
6802
6803
7404
7405
7406
7407
7408
8009
8010
8011
8012
8013
8614
8615
8616
8617
9218
9219
9220
9221
9222
9823
9824
9825
9826
10427
10428
10429
10430
10431
11032
11034
11035
11636
11638
11639
11640
12241
12242
12243
12244
12245
12846
12847
12848
12849
13450
13451
13452
13453
13454
14055
14056
14057
14058
14659
14660
14661
14662
14663
15264
15265
15266
15267
15868
15869
15870
15871
15872
16473
16474
16475
16476
16477
17078
17079
17080
17081
17682
17683
17684
17685
17686
18287
18288
18289
18290
18891
18892
211074
211075
211076
211677
211678
211679
211680
212281
212282
212283
212284
212885
212886
212887
212888
213489
213490
213491
213492
213493
214094
214095
214096
214097
214698
214699
214700
214701
215302
215303
215304
215305
215306
215907
215908
215909
215910
216511
216512
216513
216514
217115
217116
217117
217118
217719
217720
217721
217722
217723
218324
218325
218326
218327
218928
218929
218930
218931
219532
219533
219534
219535
219536
220137
220138
220139
220140
220741
220742
220743
220744
221345
221346
221347
221348
221949
221950
211074
211074
210474
209874
209275
208675
208075
207475
206876
206276
205676
205076
204476
203877
203277
202677
202077
201478
200878
200278
199678
199078
198479
197879
197279
196679
196080
195480
194880
194280
193680
193081
192481
191881
191281
190682
190082
189482
188882
188283
187683
187083
186483
185883
185284
184684
184084
183484
182885
182285
181685
181085
180485
179886
179286
178686
178086
177487
176887
176287
214673
214073
213473
212873
212274
211674
214673
247659
247059
246460
245860
245260
244660
244061
243461
242861
242261
241662
241062
240462
239862
239263
238663
238063
237463
236864
236264
235664
235064
234465
233865
233265
232665
232066
231466
230866
230266
229667
229067
228467
227867
227268
226668
226068
225468
224869
224269
223669
223069
222470
221870
221270
220670
220071
219471
218871
218271
217672
217072
216472
215872
215273
247659
221951
221952
221953
222554
222555
222556
222557
222558
223159
223160
223161
223162
223763
223764
223765
223766
223767
224368
224369
224370
224371
224372
224973
224974
224975
224976
224977
225578
225579
225580
225581
225582
226183
226184
226185
226186
226787
226788
226789
226790
226791
227392
227393
227394
227395
227396
227997
227998
227999
313568
313569
313570
314171
314172
314173
314174
314775
314776
314777
314778
314779
315380
315381
315382
315383
315984
315985
315986
315987
315988
316589
316590
316591
316592
317193
317194
317195
317196
317197
317798
317799
317800
317801
318402
318403
318404
318405
319006
319007
319008
319009
319010
319611
319612
319613
319614
320215
320216
320217
320218
320219
320820
320821
320822
320823
321424
321425
321426
321427
321428
322029
322030
322031
322032
322633
322634
313568
298458
298459
298460
299061
299062
299063
299064
299665
299666
299667
299668
299669
300270
300271
300272
300273
300874
300875
300876
300877
301478
301479
301480
301481
301482
302083
302084
302085
302086
302687
302688
302689
302690
302691
303292
303293
303294
303295
303896
303897
303898
303899
304500
304501
304502
304503
304504
305105
305106
305107
305108
305709
305710
305711
305712
305713
306314
306315
306316
306317
306918
306919
306920
306921
307522
307523
307524
307525
307526
308127
308128
308129
308130
308731
308732
308733
308734
308735
309336
309337
309338
309339
309940
309941
309942
309943
310544
310545
310546
310547
310548
311149
311150
311151
311152
311753
311754
311755
311756
311757
312358
312359
312360
312361
312962
312963
312964
312965
313566
313567
298458
277907
277908
277909
278510
278511
278512
278513
279114
279115
279116
279117
279118
279719
279720
279721
279722
280323
280324
280325
280326
280927
280928
280929
280930
280931
281532
281533
281534
281535
282136
282137
282138
282139
282140
282741
282742
282743
282744
283345
283346
283347
283348
283349
283950
283951
283952
283953
284554
284555
284556
284557
284558
285159
285160
285161
285162
285763
285764
285765
285766
286367
286368
286369
286370
286371
286972
286973
286974
286975
287576
287577
287578
287579
287580
288181
288182
288183
288184
288785
288786
288787
288788
288789
289390
289391
289392
289393
289994
289995
289996
289997
289998
290599
290600
290601
290602
291203
291204
291205
291206
291807
291808
291809
291810
291811
292412
292413
292414
292415
293016
293017
293018
293019
293020
293621
293622
293623
293624
294225
294226
294227
294228
294229
294830
294831
294832
294833
295434
295435
295436
295437
295438
296039
296040
296041
296042
296643
296644
296645
296646
297247
297248
297249
297250
297251
297852
297853
297854
297855
298456
298457
277907
46499
45899
45299
44700
44100
43500
42900
42301
41701
41101
40501
39902
39302
38702
38102
37503
36903
36303
35703
35104
34504
33904
33304
32705
32105
31505
30905
30306
29706
29106
83942
83342
82742
82142
81543
80943
80343
79743
79143
78543
77944
77344
76744
76144
75544
74944
74345
73745
73145
72545
71945
71345
70746
70146
69546
68946
68346
67746
67147
66547
65947
65347
64747
64147
63548
62948
62348
61748
61148
60548
59949
59349
58749
58149
57549
56949
56350
55750
55150
83942
21309
20709
20109
19510
18910
18310
17710
17110
16511
15911
15311
14711
14112
13512
12912
12312
11712
11113
10513
9913
9313
8713
8114
7514
6914
6314
5714
5115
4515
3915
3315
2716
2116
1516
916
316
21309
89754
89154
88554
87955
87355
86755
86155
85555
84956
84356
83756
83156
82557
81957
81357
80757
80157
79558
78958
78358
77758
77158
76559
75959
75359
74759
74160
73560
72960
72360
71760
71161
70561
69961
69361
68761
68162
67562
66962
66362
65763
65163
64563
63963
63363
62764
62164
89754
108379
107778
107177
106577
105976
105375
104774
104173
103573
102972
102371
101770
101169
100569
99968
99367
98766
98165
97564
96964
96363
95762
95161
94560
93960
93359
92758
92157
91556
90956
90355
108379
164851
164250
163649
163049
162448
161847
161246
160646
160045
159444
158843
158243
157642
157041
156440
155840
155239
154638
154037
153436
152836
152235
151634
151033
150433
149832
149231
148630
148030
147429
146828
146227
145626
145026
144425
143824
143223
142623
142022
141421
140820
140220
139619
139018
138417
137817
137216
136615
136014
135413
134813
134212
133611
133010
132410
131809
131208
130607
130007
129406
128805
128204
127604
127003
126402
125801
125200
124600
123999
123398
122797
122197
121596
120995
120394
119794
119193
118592
117991
117390
116790
116189
115588
114987
114387
113786
113185
112584
111984
111383
110782
110181
109581
108980
164851
164851
165452
165453
166054
166055
166656
166657
167258
167259
167860
167861
168462
168463
169064
169065
169666
169667
170268
170269
170870
171471
171472
172073
172074
172675
172676
173277
173278
173879
173880
174481
174482
175083
175084
175685
175686
176287
230106
230107
230108
230709
230710
230711
230712
231313
231314
231315
231316
231917
231918
231919
231920
232521
232522
232523
232524
233125
233126
233127
233128
233129
233730
233731
233732
233733
234334
234335
234336
234337
234938
234939
234940
234941
235542
235543
235544
235545
236146
236147
236148
236149
236753
236754
237355
237356
237357
237959
237960
237961
237962
238563
238564
238565
238566
239167
239168
239169
239170
239171
239772
239773
239774
240376
240378
240379
240980
240981
240982
240983
241584
241585
241586
241587
242188
242189
242190
242191
242192
242793
242794
242795
242796
243397
243398
243399
243400
244001
244002
244003
244004
244605
244606
244607
244608
245209
230106
230106
229506
228907
228307
227707
227107
226508
225908
225308
224708
224109
223509
222909
222310
221710
221110
220510
219911
219311
218711
218111
217512
216912
216312
215713
215113
214513
213913
213314
212714
212114
211514
210915
210315
209715
209116
208516
207916
207316
206717
206117
205517
204917
204318
203718
203118
202519
201919
201319
200719
200120
199520
198920
198320
197721
197121
196521
195922
195322
194722
194122
193523
192923
192323
191723
191124
190524
190524
190525
190526
191127
191128
191129
191130
191731
191732
191733
191734
191735
192336
192337
192338
192339
192940
192941
192942
192943
192944
193545
193546
193547
193548
194149
194150
194151
194152
194153
194754
194755
194756
194757
195358
195359
195360
195361
195962
195963
195964
195965
195966
196567
196568
196569
196570
197171
197172
197173
197174
197175
197776
197777
197778
198380
198381
198382
198383
198985
198986
198987
198988
199589
199590
199591
199591
199592
200193
200194
200195
200196
200797
200798
200799
200800
201401
201402
203801
203201
202601
202002
203801
203801
203802
203803
204404
204405
204406
204407
205008
205009
205010
205011
205612
205613
205614
205615
206216
206217
206218
206219
206820
206821
206822
206823
207424
183292
182691
182090
181490
180889
180288
171275
169473
167670
167070
166469
165868
167133
167134
167135
167736
167737
167738
167739
168340
168341
168342
168343
168944
168945
168946
168947
169548
169549
169550
169551
170152
170153
170154
170155
170756
170757
170758
170759
171360
171361
171362
171363
171964
171965
171966
171967
171968
172569
172570
172571
172572
173173
173174
173175
173176
173777
173778
173779
173780
174381
174382
174383
174384
174985
174986
174987
174988
175589
175590
175591
175592
176193
176194
176195
176196
176797
176798
176799
180398
179798
179198
178598
177999
177399
180398
199591
198991
198391
197792
197192
196592
195992
195393
194793
194193
193593
192993
192394
191794
191194
190594
189994
189395
188795
188195
187595
186996
186396
185796
185196
184596
183997
183397
182797
182197
181598
180998
199591
181617
181018
180419
180420
179821
179222
178623
178024
177425
177426
176827
176228
175629
175030
174431
174432
173833
173234
172635
172036
172037
171438
170839
170240
169641
169042
169043
168444
167845
167246
166647
166048
166049
165450
181617
181617
181016
180415
179814
179214
178613
178012
177411
176810
176209
175609
175008
174407
173806
173205
172604
172004
171403
170802
170201
169600
168999
168399
167798
167197
166596
165995
165394
164794
164193
163592
162991
162390
161789
161189
160588
159987
159386
158785
158184
157584
156983
156382
155781
155180
154579
153979
153378
152777
152176
151575
150974
150374
149773
149172
148571
147970
147369
146769
146168
140760
140159
139559
138958
138357
137756
137756
137155
136554
135954
135353
134752
134151
133550
132949
132349
131748
131147
130546
130546
129945
129344
128743
128143
127542
124538
123937
123336
122735
122134
121533
120932
120332
119731
119130
118529
117928
110718
110117
109516
108916
108315
107714
107113
190524
189924
189324
188725
188125
187525
186925
186326
185726
185126
184526
183927
183327
182727
182127
181527
180928
180328
179728
179128
178529
177929
177329
176729
176130
175530
174930
174330
173730
173131
172531
171931
171331
170732
170132
169532
168932
168333
167733
167133
167133
166533
165933
165334
164734
164134
163534
162935
162335
161735
161135
160535
159936
159336
158736
158136
157536
156937
156337
155737
155137
154538
153938
153338
152738
152138
151539
150939
150339
149739
149140
148540
147940
147340
146740
146141
145541
144941
144341
143741
143142
142542
141942
141342
140743
140143
139543
139543
138943
138343
137744
137144
136544
135944
135344
134745
131746
131146
130546
124497
124498
124499
125100
125101
125102
125103
125104
125705
125706
125707
125708
125709
126310
126311
126312
126313
126314
126915
126916
126917
126918
126919
127520
127521
127522
127523
128124
128125
128126
128127
128128
128729
128730
128731
128732
128733
129334
129335
129336
129337
129338
130544
130545
124497
124497
123897
123297
122698
122098
121498
120898
120299
119699
119099
118499
117899
117300
116700
116100
115500
114901
114301
113701
113101
112502
111902
111302
110702
110102
109503
108903
108303
107703
107112
107113
221951
221351
220751
220152
219552
218952
218352
217752
217153
216553
215953
215353
214753
214154
213554
212954
212354
211754
211155
210555
209955
209355
208755
208156
207556
206956
206356
205756
205157
204557
203957
203357
202757
202158
201558
200958
200358
199758
199159
198559
197959
197359
196759
196160
195560
194960
194360
193760
193161
192561
191961
191361
190761
190162
189562
188962
188362
187762
187163
186563
221951
80526
79926
79326
78127
77527
72129
71529
63732
63132
62532
38541
37941
37341
36741
36142
35542
34942
34342
33742
33143
32543
139305
137506
123710
139305
304121
303521
302921
302322
301722
301122
300522
299923
299323
298723
298123
297523
296924
296324
295724
295124
294525
293925
293325
292725
292125
291526
290926
289726
289126
288527
287927
287327
286727
286128
285528
284928
284328
283728
283129
282529
281929
281329
280730
280130
279530
278930
278330
277731
277131
276531
275931
275332
274732
274132
273532
272932
272333
271733
271133
270533
269933
269334
268734
268134
267534
266935
266335
265735
265135
264535
263936
263336
262736
262136
261537
260937
260337
259737
259137
258538
257938
257338
256738
256139
255539
254939
254339
253739
253140
252540
251940
251340
250740
250141
249541
248941
248341
247742
247142
246542
245942
245342
244743
244143
243543
242943
242344
241744
241144
240544
239944
239345
238745
238145
237545
236946
236346
235746
235146
234546
233947
233347
232747
232147
231547
230948
230348
229748
229148
228549
227949
227349
226749
226149
225550
224950
224350
223750
223151
222551
304121
180398
180999
181000
181601
181602
182203
182204
182805
182806
183407
183408
184009
201402
200802
200202
199603
199003
198403
197803
197204
196604
196004
195404
194805
194205
193605
193005
192406
191806
191206
190606
190007
189407
188807
188207
187608
187008
186408
185808
185209
184609
201402
27659
27059
26459
25860
25260
24660
24060
23460
22860
22261
21661
27659
39054
38454
37855
37255
36655
36055
35456
34856
34256
33656
33057
32457
31857
31257
30658
30058
29458
28858
28259
39054
32400
32401
33002
33003
33004
33005
33006
33607
33608
33609
33610
33611
34212
34213
34214
34215
34216
34817
34818
34819
34820
34821
35422
35423
35424
35425
35426
36027
36028
36029
36030
36031
36632
36633
36634
36635
36636
37237
37238
37239
37240
37241
37842
37843
37844
37845
37846
38447
38448
38449
38450
38451
39052
39053
39054
39054
39055
39056
39657
39658
39659
39660
40261
40262
40263
40264
40865
40866
40867
40868
41469
41470
41472
41473
42074
42075
42076
42077
42078
42079
42680
42681
42682
43893
43894
45103
45104
45105
46314
46917
46918
46919
46919
46319
45719
45120
44520
41521
40321
39721
34323
33723
33123
32523
31923
31323
30724
30124
29524
141600
141601
142202
142203
142204
142205
142206
142807
142808
142809
142810
143411
143412
143413
143414
143415
144016
144017
144018
144019
144620
144621
144622
144623
144624
145225
145226
145227
145228
145829
145830
145831
145832
145833
146434
146435
146436
146437
147038
147039
147040
147041
147042
147643
147644
147645
147646
148247
148248
148249
148250
148251
148852
148853
148854
148855
149456
149457
149458
149459
149460
150061
150062
150063
150064
150665
150666
150667
150668
150669
151270
151271
151272
151273
151874
151875
151876
151877
151878
152479
152480
152481
152482
153083
153084
153085
153086
153087
153688
153689
153690
153691
154292
154293
154294
154295
154296
154897
154898
154899
154900
155501
155502
155503
155504
155505
156106
156107
156108
156109
156710
156711
156712
156713
156714
157315
157316
157317
157318
157919
157920
157921
228695
228095
227495
226896
226296
225696
225096
224497
223897
223297
222697
222097
221498
220898
220298
219698
219099
218499
217899
217299
216699
216100
215500
214900
214300
213701
213101
212501
211901
211301
210702
210102
209502
208902
208302
207703
207103
206503
205903
205304
204704
204104
203504
202904
202305
201705
201105
200505
199906
199306
198706
198106
197506
196907
196307
195707
195107
194508
193908
193308
192708
192108
191509
190909
190309
189709
189110
188510
187910
187310
186710
186111
185511
184911
184311
183712
183112
182512
181912
181312
180713
180113
179513
178913
178314
177714
177114
176514
175914
175315
174715
174115
173515
172915
172316
171716
171116
170516
169917
169317
168717
168117
167517
166918
166318
165718
165118
164519
163919
163319
162719
162119
161520
160320
159720
159121
158521
228695
217809
217810
217811
218412
218413
218414
218415
218416
219017
219018
219019
219020
219621
219622
219623
219624
219625
220226
220227
220228
220229
220230
220831
220832
220833
220834
220835
221436
221437
221438
221439
221440
222041
222042
222043
222044
222645
222646
222647
222648
222649
223250
223251
223252
223253
223254
223855
223856
223857
223858
223859
224460
224461
224462
224463
225064
225065
225066
225067
225068
225669
225670
225671
225672
225673
226274
226275
226276
226277
226278
226879
226880
226881
226882
226883
227484
227485
227486
227487
228088
228089
228090
228091
228092
228693
228694
217809
61564
61565
61566
62167
62168
62169
62170
62771
62772
62773
62774
62775
63376
63377
63378
63379
63980
63981
63982
63983
63984
64585
64586
64587
64588
65189
65190
65191
65192
65193
65794
65795
65796
65797
66398
66399
66400
66401
66402
67003
67004
67005
67006
67607
67608
67609
67610
68211
68212
68213
68214
68215
68816
68817
68818
68819
69420
69421
69422
69423
69424
70025
70026
70027
70028
70629
70630
70631
70632
70633
71234
71235
71236
71237
71838
71839
71840
71841
71842
72443
72444
72446
73047
73048
73049
73050
73051
73652
73653
73654
73655
74256
74257
74258
74259
74260
74861
74862
75465
75467
75468
75469
76070
76071
76072
76073
76674
76675
76676
76677
76678
77279
77280
77281
77282
77883
77884
77885
77886
78487
78488
78489
78490
78491
79092
79093
79094
79095
79696
79697
79698
80302
80303
80304
80905
80906
80907
80908
80909
81510
81511
81512
81513
82114
82115
82116
355487
355488
355489
356090
356091
356092
356093
356094
356695
356696
356697
356698
357299
357300
357301
357302
357303
357904
357905
357906
357907
357908
358509
358510
358511
358512
359113
359114
359115
359116
359117
359718
359719
359720
359721
359722
355487
356057
356058
356059
356060
356061
356062
356063
356064
356065
356066
356067
356068
356069
356070
356071
356072
355473
355474
355475
355476
355477
355478
355479
355480
355481
355482
355483
355484
355485
355486
356057
328852
328853
328854
329455
329456
329457
329458
330059
330060
330061
330062
330063
330664
330665
330666
330667
331268
331269
331270
331271
331272
331873
331874
331875
331876
331877
332478
332479
332480
332481
333082
333083
333084
333085
333086
333687
333688
333689
333690
334291
334292
334293
334294
334295
334896
334897
334898
334899
335500
335501
335502
335503
335504
336105
336106
336107
336108
336709
336710
336711
336712
336713
337314
337315
337316
337317
337318
337919
337920
337921
337922
338523
338524
338525
338526
338527
339128
339129
339130
339131
339732
339733
339734
339735
339736
340337
340338
340339
340340
340941
340942
340943
340944
340945
341546
341547
341548
341549
342150
342151
342152
342153
342154
342755
342756
342757
342758
342759
343360
343361
343362
343363
343964
343965
343966
343967
343968
344569
344570
344571
344572
345173
345174
345175
345176
345177
345778
345779
345780
345781
346382
346383
346384
346385
346386
346987
346988
346989
346990
347591
347592
347593
347594
347595
348196
348197
348198
348199
348200
348801
348802
348803
348804
349405
349406
349407
349408
349409
350010
350011
350012
350013
350614
350615
350616
350617
350618
351219
351220
351221
351222
351823
351824
351825
351826
351827
352428
352429
352430
352431
353032
353033
353034
353035
353036
353637
353638
353639
353640
353641
354242
354243
354244
354245
354846
354847
354848
354849
354850
355451
355452
355453
355454
356055
356056
328852
322200
322201
322802
322803
322804
322805
322806
323407
323408
323409
323410
323411
324012
324013
324014
324015
324616
324617
324618
324619
324620
325221
325222
325223
325224
325225
325826
325827
325828
325829
325830
326431
326432
326433
326434
326435
327036
327037
327038
327039
327640
327641
327642
327643
327644
328245
328246
328247
328248
328249
328850
328851
211655
211656
211656
211657
212258
212259
212260
212261
212862
212863
212864
213465
213466
213467
214068
214069
214070
214071
214672
214673
187519
187520
190524
189923
189322
188722
188121
190524
176287
176288
176289
176890
176891
176892
176893
176894
177495
177496
177497
177498
178099
178100
178101
178102
178103
178704
178705
178706
178707
178708
179309
179310
179311
179312
179313
179914
179915
179916
179917
180518
180519
180520
180521
180522
181123
181124
181125
181126
181127
181728
181729
181730
181731
181732
182333
182334
182335
182336
182937
182938
182939
182940
182941
183542
183543
183544
183545
183546
184147
184148
184149
184150
184151
184752
184753
184754
184755
185356
185357
185358
185359
185360
185961
185962
185963
82116
82117
82119
82120
82721
82722
82723
82724
82725
82726
82727
82728
82729
83330
83331
83332
83333
83334
83335
83336
83337
83938
83939
83940
83941
83942
83942
83943
83944
83945
83946
83947
83948
83949
83950
83951
83952
83953
83954
83955
83356
83357
83358
83359
83360
83361
83362
83363
83364
83365
83366
83367
83368
83369
83369
83370
82771
82772
82773
82774
82175
82176
82177
82178
81579
81580
81581
81582
80983
80984
80985
80986
80387
80388
80389
79790
79791
79792
79793
79194
79195
79196
79197
78598
78599
31585
30985
30386
29786
29186
28586
27987
27387
26787
26187
25588
24988
24388
23788
23189
22589
21389
20790
20190
19590
18990
18391
17791
17191
16591
15992
15392
14792
14193
13593
12993
12393
11794
11194
10594
9994
9395
8795
8195
7595
6996
6396
5796
5196
4597
3997
3397
2797
2198
1598
1598
998
398
52496
51896
51297
50697
50097
49497
48898
48298
47698
47099
52496
29106
28506
27907
25490
25491
25492
26093
26094
26095
26096
26697
26698
26699
26700
27301
27302
27303
27304
27905
27906
25490
25490
24890
24291
23691
23091
22491
21892
21292
20692
20092
19493
18893
27907
27908
28509
28510
28511
28512
29113
29114
29114
28514
27914
27315
26715
26115
25515
24915
24315
23716
23116
22516
182693
180294
164101
163501
242071
241471
240871
240272
239672
239072
238472
237873
236073
235473
234874
234274
233674
233074
232475
231875
231275
230675
230076
229476
228876
228276
227676
227077
226477
225877
225277
224678
224078
223478
222878
222278
221679
221079
220479
219879
219280
218680
218080
217480
216881
216281
215681
215081
214481
213882
213282
212682
212082
211483
210883
210283
209683
209083
208484
207884
207284
206684
206085
205485
204885
204285
203686
203086
202486
201886
201286
200687
200087
199487
198887
198288
197688
197088
196488
195888
195289
194689
194089
193489
192890
192290
191690
191090
190491
189891
189291
188691
188091
242071
108379
107780
107781
107182
106583
106584
105985
105986
105387
104788
104789
104190
103591
103592
102993
102394
102395
101796
101197
101198
100599
100600
100001
99402
99403
98804
98205
98206
97607
97008
97009
96410
95811
95812
95213
95214
94615
94016
94017
184009
184010
183411
183412
182813
182814
182215
182216
184009
1598
2199
2800
2801
270671
270672
271273
271274
271275
271876
271877
271878
272479
272480
272481
273082
273083
273084
273685
273686
273687
274288
274289
274290
274891
274892
274893
275494
275495
275496
276097
276098
276099
276700
276701
276702
277303
277304
277305
277906
270671
267053
267054
267657
268258
270067
270068
270069
270670
319255
318655
318055
317456
316856
316256
315656
315056
314457
313857
313257
312657
312057
311458
310858
310258
309658
309058
308459
307859
307259
306659
306059
305460
304860
304260
303660
303060
302461
301861
301261
300661
300061
299462
298862
298262
297662
297062
296463
295863
295263
294663
294063
293463
292864
292264
291664
291064
290464
289865
289265
288665
288065
287465
286866
286266
285666
285066
284466
283867
283267
282667
282067
281467
280868
280268
279668
279068
278468
277869
277269
276669
276069
275469
274870
274270
273670
273070
272470
271871
271271
319255
328852
328252
327652
327053
326453
325853
325253
324653
324053
323454
322854
322254
321654
321054
320455
319855
328852
298458
297858
297258
296659
296059
295459
294859
294259
293660
293060
292460
291860
291261
290661
290061
289461
288861
288262
287662
287062
343557
342957
342357
341758
341158
339958
339359
338759
338159
337559
336959
336360
335760
335160
334560
333961
333361
332761
332161
331561
330962
330362
329762
329162
328562
327963
327363
326763
326163
325564
324964
324364
323764
323164
322565
321965
321365
320765
320166
319566
318966
318366
317766
317167
316567
315967
315367
314768
314168
343557
331800
331801
331802
331803
332404
332406
332407
333008
333010
333011
333012
333613
333614
333615
333616
334217
334218
334219
334220
334221
334822
334823
334824
334825
335426
335427
335428
335429
335430
336031
336032
336033
336034
336035
336636
336637
336638
336639
337240
337241
337242
337243
337244
337845
337846
337847
337848
338449
338450
338451
338452
338453
339054
339055
339056
339057
339658
339659
339660
339661
339662
340263
340264
340265
340266
340867
340868
340869
340870
340871
341472
341473
341474
341475
342076
342077
342078
342079
342080
342681
342682
342683
342684
342685
343286
343287
343288
343289
343890
343891
343892
343893
343894
344495
344496
344497
345100
345101
345102
345103
345704
345705
345706
345707
346308
346309
346310
346311
346312
346913
346914
346915
346916
347517
347518
347519
347520
347521
348122
348123
348124
348125
348726
348727
348728
348729
348730
349331
349332
349333
349334
349335
349936
349937
349938
349939
350540
350541
350542
350543
350544
351145
351146
351147
351148
351749
351750
351751
351752
351753
352354
352355
352356
352357
352958
352959
352960
352961
352962
353563
353564
353565
353566
354167
354168
354169
354170
354171
354772
354773
354774
354775
355376
355377
355378
355379
355380
355981
355982
355983
355984
355985
356586
356587
356588
356589
357190
357191
357795
357796
357797
357798
358399
358400
358401
358402
358403
359004
359005
359006
359007
359608
359609
359610
359610
359611
359612
346489
346490
346491
347092
347093
347094
347095
347096
347697
347698
347699
347700
347701
348302
348303
348304
348305
348306
348907
348908
348909
348910
348911
349512
349513
349514
349515
349516
350117
350118
350119
350120
350121
350722
350723
350724
350725
350726
351327
351328
351329
351330
351331
351932
351933
351934
351935
351936
352537
352538
352539
352540
353142
353143
353144
353145
353146
353747
353748
353749
353750
354351
354352
354353
354354
354355
354956
354957
354958
354959
354960
355561
355562
355563
355564
355565
356166
356167
356168
356169
356170
356771
356772
356773
356774
356775
357376
357377
357378
357379
357380
357981
357982
357983
357984
357985
358586
358587
358588
358589
358590
359191
359192
359193
359194
359195
359796
359797
359798
359799
359800
346489
348265
348266
348267
348268
348269
347670
347671
347672
347673
347674
347675
347676
347677
347078
347079
347080
347081
347082
347083
347084
347085
346486
346487
346488
348265
319255
319256
319257
319858
319859
319860
319861
320462
320463
320464
320465
321066
321067
321068
321069
321070
321671
321672
321673
321674
322275
322276
322277
322278
322279
322880
322881
322882
322883
323484
323485
323486
323487
324088
324089
324090
324091
324092
324693
324694
324695
324696
325297
325298
325299
325300
325901
325902
325903
325904
325905
326506
326507
326508
326509
327110
327111
327112
327113
327114
327715
327716
327717
327718
328319
328320
328321
328322
328923
328924
328925
328926
328927
329528
329529
329530
329531
330132
330133
330134
330135
330736
330737
330738
330739
330740
331341
331342
331343
331344
331945
331946
331947
331948
331949
332550
332551
332552
332553
333154
333155
333156
333157
333758
333759
333760
333761
333762
334363
334364
334365
334366
334967
334968
334969
334970
335571
335572
335573
335574
335575
336176
336177
336178
336179
336780
336781
336782
336783
336784
337385
337386
337387
337388
337989
337990
337991
337992
338593
338594
338595
338596
338597
339198
339199
339200
339201
339802
339803
339804
339805
340406
340407
340408
340409
340410
341011
341012
341013
341014
341615
341616
341617
341618
341619
342220
342221
342222
342223
342824
342825
342826
342827
343428
343429
343430
343431
343432
344033
344034
344035
344036
344637
344638
344639
344640
345241
345242
345243
345244
345245
345846
345847
345848
345849
346450
346451
346452
346453
346454
347055
347056
347057
347058
347659
347660
347661
347662
348263
348264
319255
319227
319228
319229
319230
319231
319232
319233
319234
319235
319236
319237
319238
319239
319240
319241
319242
319243
319244
319246
319247
319248
319249
319250
319251
319252
319253
319254
319227
319221
319222
319223
319224
319225
319226
319221
316200
316801
316802
316803
316804
317405
317406
317407
317408
317409
318010
318011
318012
318013
318014
318615
318616
318617
318618
319219
319220
337200
337201
337802
337803
337804
337805
338406
338407
338408
338409
338410
339011
339012
339013
339014
339615
339616
339617
339618
339619
340220
340221
340222
340824
340825
340826
340827
340828
341429
341430
341431
341432
341433
342034
342035
342036
342037
342638
342639
342640
342641
342642
343243
343244
343245
343246
343847
343848
343849
343850
343851
344452
344453
344454
344455
345056
345057
345058
345059
345060
345661
345662
345663
345664
346265
346266
346267
346268
346269
346870
346871
346872
346873
347474
347475
347476
347477
347478
348079
348080
348081
348082
348083
348684
348685
348686
348687
349288
349289
349290
349291
349292
349893
349894
349895
349896
350497
350498
350499
350500
350501
351102
351103
351104
351105
351706
351707
351708
351709
351710
352311
352312
352313
352314
352915
352916
352917
352918
352919
353520
353521
353522
353523
354124
354125
354126
354127
354128
354729
354730
354731
354732
354733
355334
355335
355336
355337
355938
355939
355940
355941
355942
356543
356544
356545
356546
357147
357148
357149
357150
357151
357752
357753
357754
357755
358356
358357
358358
358359
358360
358961
358962
358963
358964
359565
359566
359567
359568
359569
359822
359222
358622
358023
357423
356823
356223
355624
355024
354424
353824
353224
352625
352025
351425
350825
350225
349626
349026
348426
347826
347226
346627
346027
345427
344827
344227
343628
343028
342428
341828
341229
340629
340029
339429
338829
338230
337630
337030
336430
335830
335231
334631
334031
333431
332831
332232
331632
331032
330432
329832
329233
328633
328033
327433
326834
326234
325634
325034
324434
323835
323235
141132
140532
139932
139333
138733
138133
137533
136934
136334
135734
135134
134534
133935
133335
132735
132135
131536
130936
130336
129736
129136
128537
127937
127337
126737
126138
125538
124938
124338
121939
121339
120740
120140
119540
118940
118341
117741
117141
114118
114119
114723
114724
115325
115326
115326
115327
115328
117140
117141
117141
117142
117143
117744
117745
117746
117747
118348
118349
118350
118351
118952
118953
118954
118955
118956
119557
119558
119559
119560
120161
120162
120163
123787
123788
123789
152620
152020
151420
150821
150221
149621
149021
148421
147822
147222
146622
146022
145422
144823
144223
143623
143023
142423
141824
141224
140624
140024
139425
138825
138225
137625
137025
136426
135826
152620
141132
141133
141134
141735
141736
141737
141738
142339
142340
142341
142342
142343
142944
142945
142946
142947
142948
143549
143550
143551
143552
144153
144154
144155
144156
144157
144758
144759
144760
144761
144762
145363
145364
145365
145366
145967
145968
145969
145970
145971
146572
146573
146574
146575
146576
147177
147178
147179
147180
147781
147782
147783
147784
147785
148386
148387
148388
148389
148990
148991
148992
148993
148994
149595
149596
149597
149598
149599
150200
150201
150202
150203
150804
150805
150806
150807
150808
151409
151410
151411
151412
151413
152014
152015
152016
152017
152618
152619
141132
