3956
3356
2757
2157
1557
957
358
3956
41137
40537
39938
39338
38738
38139
37539
36939
36339
35740
35140
34540
33941
33341
32741
32142
31542
30942
30343
29743
29143
28543
27944
27344
26744
26145
25545
24945
24346
23746
23146
22546
21947
21347
20747
20148
19548
18948
18349
17749
17149
16550
15950
15350
14750
14151
13551
12951
12352
11752
11152
10553
9953
9353
8754
8154
7554
6954
6355
5755
5155
4556
41137
132890
132290
131691
131091
130491
129892
129292
128692
128092
127493
126893
126293
125694
125094
124494
123895
123295
122695
122096
121496
120896
120296
119697
119097
118497
110102
109502
108902
108303
107703
107103
106504
105904
105304
104704
104105
103505
102905
102306
101706
101106
100507
99907
99307
98708
98108
97508
96908
96309
95709
95109
94510
93910
93310
92711
92111
91511
90912
90312
89712
89112
88513
87913
87313
86714
86114
85514
84915
80117
79517
78918
78318
77718
77119
76519
75919
75319
74720
74120
73520
72921
72321
71721
71122
70522
66924
66324
65724
65125
64525
63925
63326
62726
62126
61527
60927
60327
59727
59128
58528
57928
57329
56729
56129
55530
54930
54330
53731
53131
52531
51931
51332
50732
50132
49533
48933
48333
47734
47134
46534
45935
45335
44735
44135
43536
42936
42336
41737
132890
335
336
337
938
939
940
1541
1542
3353
3354
3955
3956
225000
224400
223801
223202
222602
222003
221403
220804
220205
219605
219006
218407
217807
217208
216609
208218
207618
207019
204022
203423
202823
202224
201625
201025
200426
199827
199227
198628
198029
197429
196830
196230
195631
195032
194432
193833
193234
192634
192035
191436
190836
190237
189638
189038
188439
187839
187240
186641
186041
185442
184843
184243
183644
183045
182445
181846
181247
180647
180048
179448
178849
178250
177650
177051
176452
175852
175253
174654
174054
173455
172856
172256
171657
171057
170458
169859
169259
160868
160269
159670
159070
158471
157872
157272
156673
156074
155474
154875
154275
153676
153077
152477
151878
151279
150679
150080
149481
147683
146484
145884
145285
144686
144086
143487
142888
142288
141689
141090
140490
139891
139292
138692
138093
137493
136894
136295
135695
135096
134497
133897
129702
129102
128503
127904
127304
126705
126106
125506
124907
124907
124308
123708
123109
122510
121910
121311
120711
120112
119513
118913
118314
117715
117115
116516
115917
115317
114718
114118
113519
112920
112320
111721
111122
110522
109923
109324
108724
108125
107526
106926
106327
105727
105128
104529
103929
103330
359467
358866
358266
357666
357066
356465
355865
355265
354665
354065
353464
352864
352264
351664
351064
350463
349863
349263
348663
348063
347462
346862
346262
345662
345062
344461
343861
343261
342661
342061
341460
340860
340260
339660
339060
338459
337859
337259
336659
336058
335458
334858
334258
333658
333057
332457
331857
331257
330657
330056
329456
328856
328856
328255
327654
327054
326453
325852
325251
324650
324049
323449
322848
322247
321646
321045
320444
319844
319243
318642
318041
309629
309029
308428
307827
307226
316800
316201
316202
315603
315004
315005
314406
314407
313808
313209
313210
312611
312012
312013
311414
311415
310816
310217
310218
309619
309620
309021
308422
308423
307824
307825
307226
306627
306028
305428
304829
304230
303631
303031
302432
300035
299436
298837
298237
297638
297039
296440
279062
278463
275466
274867
274268
274268
273669
273069
213145
211348
210748
210149
209550
208951
208352
207752
207153
206554
205955
205355
204756
204157
203558
202958
202359
201760
201161
200561
199962
199363
199363
199364
199365
199966
199967
199968
199969
200570
200571
200572
248728
249329
249330
249931
249932
250533
250534
251135
252925
252926
252327
252328
252329
251730
251731
251732
251733
251134
295293
295294
294695
294696
294697
292905
292906
292307
292308
292309
289922
289323
289324
289325
288727
288728
288131
287534
295293
307226
307227
306628
306629
306630
303048
303049
303050
303051
302452
302453
302454
301855
301856
301857
301258
301259
301260
301261
300662
300663
300664
300065
300066
300067
299468
299469
299470
299471
298872
298873
298874
298275
298276
298277
297678
297679
307226
328517
327919
327920
327921
327324
327325
338053
338054
336263
336264
336265
336266
338053
351767
351768
351169
338052
351767
351766
89371
88771
88171
87572
86972
86372
85772
85173
84573
83973
83373
82774
82174
81574
80974
80375
79775
79175
78575
77976
77376
76776
76176
75577
74977
74377
73777
73178
72578
71978
71378
70779
70179
69579
68979
68380
67780
67180
66580
65981
65381
64781
64181
63582
62982
62382
61782
61183
60583
59983
59383
58784
58184
57584
56984
56385
55785
55185
54585
53986
53386
52786
52186
51587
50987
50387
49787
49188
48588
47988
47388
46789
46189
45589
44989
44390
43790
43190
42590
41991
41391
40791
40191
39592
38992
38392
37792
37193
36593
35993
35393
34794
34194
33594
32994
32395
31795
31195
30595
29996
29396
28796
28196
27597
26997
26397
25797
25198
24598
23998
23398
22799
22199
21599
20999
89371
152955
152355
151755
151155
150556
149956
149356
148756
148156
147556
146957
146357
145757
145157
144557
143957
143357
142758
142158
141558
140958
140358
139758
139158
138559
137959
137359
136759
136159
135559
134960
134360
133760
133160
132560
131960
131360
130761
130161
129561
128961
128361
127761
127161
126562
125962
125362
124762
124162
123562
122963
122363
121763
121163
120563
119963
119363
118764
118164
117564
116964
116364
115764
115165
114565
113965
113365
112765
112165
111565
110966
110366
109766
109166
108566
107966
107366
106767
106167
105567
104967
104367
103767
103168
102568
101968
101368
100768
100168
99568
98969
98369
97769
97169
96569
95969
95369
94770
94170
93570
92970
91171
90571
89971
152955
168550
167950
167350
166751
166151
165551
164951
164351
163752
163152
162552
161952
161352
160752
160153
159553
158953
158353
157753
157154
156554
155954
155354
154754
154155
153555
168550
181141
180541
179942
179342
178743
178143
177544
176944
176344
175745
175145
174546
173946
173347
172747
172147
171548
170948
170349
169749
169150
181141
78600
78601
78602
79203
79204
79205
79806
79807
79808
80409
80410
80411
81012
81013
81014
81615
81616
81617
81618
82219
82220
82221
82822
82823
82824
83425
83426
83427
84028
84029
84030
84631
84632
84633
84634
85235
85236
85237
85838
85839
85840
86441
86442
86443
87044
87045
87046
87647
87648
87649
87650
88251
88252
88253
88854
88855
88856
89457
89458
89459
90060
90061
90062
90663
90664
90665
91266
91267
91268
91269
91870
91871
91872
92473
92474
92475
93076
93077
93078
93679
93680
93681
94282
94283
94284
94285
94886
94887
94888
95489
95490
95491
96092
96093
96094
96695
96696
96697
97298
97299
97300
97301
97902
97903
97904
98505
98506
98507
99108
99109
99109
99110
99711
99712
99713
100314
100315
100316
100917
100918
100919
101520
101521
101522
102123
102124
102125
102726
102727
102728
103329
103330
357901
357902
357903
357304
357305
357306
357307
356708
356709
356710
356711
356112
356113
356114
356115
355516
355517
355518
355519
354920
354921
354922
354923
354324
354325
354326
354327
353728
353729
353730
353731
353132
353133
353134
359737
359137
358536
357936
357336
356736
356135
355535
354935
354335
353734
3956
3357
2758
2159
2160
1561
962
363
429
430
431
432
433
1034
1035
1036
89371
89372
89973
89974
89975
89976
90577
90578
91183
91784
91785
91786
92387
92388
92389
93595
93596
93597
94198
94199
89371
86959
87560
87561
87562
89370
47170
47171
47772
47773
47774
47170
45963
45964
45965
46566
46567
46568
47169
41137
41138
41739
41740
41741
41742
42343
42344
41137
156412
155812
155213
154613
154013
153413
152814
152214
151614
151015
150415
149815
149216
156412
325354
325355
325354
324150
324151
324752
324753
324150
323548
323549
323548
323548
322948
322347
321747
321747
321147
321147
320547
319947
319347
319347
318747
318148
318148
317549
316950
316950
316951
316352
316352
316353
316354
316355
316356
316356
316357
316358
316358
316959
317560
318761
318161
318761
318761
319362
319962
319962
321762
321162
320562
321762
322361
322361
323560
322960
323560
324758
324159
324758
325356
325357
325356
295293
292891
292290
291690
288687
288087
287486
286886
286285
285685
285084
284484
283883
283283
282682
282682
282082
281482
280882
280282
279682
278483
277883
338053
337453
336853
336252
335652
335052
334452
333851
333251
316444
315844
315244
314643
314043
313443
312843
300838
300237
275627
338053
340963
340964
340965
340366
340367
340368
340369
340370
339771
339772
339773
339774
339775
339176
339177
339178
339179
338580
338581
338582
338583
338584
337985
337986
337987
337987
337387
336786
336186
335586
334986
334385
333785
333185
332585
331984
325982
325382
324781
324181
323581
322981
322380
321780
321180
320580
319979
319379
318779
318179
317578
316978
319362
319363
319364
318765
318766
318767
318768
318169
318170
318171
318172
317573
317574
317575
317576
316977
319362
316978
316378
315777
315177
314577
313977
313376
312776
312176
311575
310975
310375
309775
309174
308574
307974
307374
306773
306173
305573
304972
304372
316978
316352
315752
315152
314551
313951
313351
312751
312150
311550
310950
310350
309749
309149
308549
307949
297744
291742
291141
290541
324130
324131
324132
323533
323534
323535
323536
322937
322938
322939
322940
322341
322342
322343
322344
321745
321746
321747
274268
274869
275470
276071
276672
277273
277874
278475
279076
279677
280278
280879
281480
282081
274268
324938
324338
323738
323137
322537
321937
321337
320736
320136
319536
318936
318335
317735
317135
316535
315934
315334
314734
314134
313533
312933
312333
311733
311132
310532
309932
309332
308731
308131
307531
306931
306331
305730
305130
304530
303930
303329
302729
302129
301529
300928
300328
299728
299128
298527
297927
297327
296727
296126
295526
294926
294326
293725
293125
292525
291925
291324
290724
290124
289524
288924
288323
287723
287123
286523
285922
285322
284722
284122
283521
282921
282321
281721
281120
280520
279920
279320
278719
278119
277519
276919
276318
275718
275118
274518
273917
273317
272717
272117
271517
270916
270316
269716
269116
268515
267915
267315
266715
266114
265514
264914
264314
263713
263113
262513
261913
261312
260712
260112
259512
324938
326728
326132
325536
324937
351767
351167
350567
349966
349366
348766
348166
347565
346965
346365
345765
345165
344564
343964
343364
342764
342163
341563
340963
342752
342753
342154
342155
342156
342157
341558
341559
341560
341561
340962
342738
342138
341538
340937
340337
339737
339137
336135
335535
333734
333134
332534
331933
331333
330733
330133
329532
328932
328332
327732
327131
326531
325931
325331
324730
324130
324130
323530
322929
322329
321729
321129
320528
319928
319328
318727
318127
317527
316927
316326
315726
315126
313925
313325
312725
312124
311524
340963
340363
339762
339162
338562
337962
337361
336761
336161
335561
334960
334360
333760
333160
332559
331959
331359
330758
330158
329558
328958
328357
327757
327157
326557
325956
340963
357901
357300
356699
356099
355498
354897
354296
353696
339277
338677
338076
337475
336874
336274
335673
357901
138751
138152
137552
136953
136353
135754
135154
134555
133956
133356
132757
132157
131558
130958
130359
129759
129160
128561
127961
127362
126762
126163
125563
138751
160929
160330
159730
159131
158531
157932
157333
156733
156134
155534
154935
154336
153736
153137
152537
151938
151339
150739
150140
149540
148941
148341
147742
147143
146543
145944
145344
144745
144146
143546
142947
142347
141748
141149
140549
139950
139350
138751
134536
134537
135138
135139
135740
135741
136342
136343
136944
136945
137546
137547
138148
138149
138750
134536
124907
125508
125509
126110
126111
126712
126713
131527
132128
132129
132730
132731
133332
133333
133934
133935
124907
56165
55566
54966
54366
53767
53167
52567
51968
51368
50768
50168
49569
48969
48369
47770
47170
47170
46570
45970
45371
44771
44171
43571
42972
42372
41772
41172
40573
39973
39373
38773
38174
37574
36974
36374
35775
35175
34575
33975
33376
32776
32176
31576
30977
30377
29777
29177
28578
27978
27378
26778
26179
25579
24979
24379
23780
23180
22580
21980
21381
20781
20181
19581
18384
18385
18386
18387
18388
18389
18390
18391
18392
18393
17794
17795
17796
17797
17798
176849
176249
175650
175050
174450
171452
170852
170253
169653
169054
168454
167854
167255
166655
166055
165456
176849
103330
103331
103932
103933
103934
104535
104536
104537
104538
105139
105140
105141
105742
105743
105744
106345
106346
106347
106948
106949
106950
106951
107552
107553
107554
108155
108156
108157
108758
108759
108760
108761
109362
109363
109364
109965
109966
109967
110568
110569
110570
111171
111172
111173
111174
111775
111776
111777
112378
112379
112380
112981
112982
112983
113584
113585
113586
113587
114188
114189
114190
114791
114792
114793
115394
115395
115396
115997
115998
115999
116000
116601
116602
116603
117204
117205
117206
117807
117808
117809
117810
118411
118412
118413
119014
119015
119016
119617
119618
119619
120220
120221
120222
120223
120824
120825
121427
121428
121429
122030
122031
122032
122633
122634
122635
122636
123237
123238
123239
123840
123841
123842
124443
124444
124445
125046
125047
125048
125049
125650
125651
125652
126253
126254
126255
126856
126857
126858
127459
127460
127461
127462
128063
128064
128065
128666
128667
128668
129269
129270
129271
129272
129873
129874
129875
130476
130477
130478
131079
131080
131081
131682
131683
131684
131685
132286
132287
132288
132889
132890
132890
132891
133492
133493
133494
134095
134096
134097
134698
134699
134700
135301
135302
135303
135904
135905
135906
136507
136508
136509
137110
137111
137112
137113
137714
137715
137716
138317
138318
138319
138920
138921
138922
139523
139524
139525
140126
140127
140128
140729
140730
140731
141332
141333
141333
141334
141935
141936
141937
142538
142539
142540
143141
143142
143143
143144
143745
143746
143747
144348
144349
144350
144951
144952
144953
145554
145555
145556
146157
146158
146159
146760
146761
146762
146763
147364
147365
147366
147967
147968
147969
148570
148571
148572
149173
149174
149175
149776
149777
149778
150379
150380
150381
150982
150983
150984
150985
151586
151587
151588
152189
152190
152191
152792
152793
152794
153395
153396
153397
153998
153999
154000
154601
154602
154603
154604
155205
155206
155207
155808
155809
155810
156411
156412
156412
156413
157014
157015
157016
157617
157618
157619
158220
158222
158223
158825
158826
159427
159428
159429
160030
160031
160032
160633
160634
160635
161236
161237
161238
161839
161840
161841
162442
162443
162444
162445
163046
163047
163048
163649
163650
163651
164252
164253
164254
164855
164856
164856
164857
165458
165459
165460
166061
166062
166063
166665
166666
167267
167268
167269
167870
167871
167872
167873
168474
168475
168476
169077
169078
169079
169680
169681
169682
170283
170284
170285
170886
170887
170888
171489
171490
171491
172092
172093
172094
172695
172696
172697
173298
173299
173300
173901
173902
173903
173904
174505
174506
174507
175108
175109
175110
175711
175712
175713
176314
176315
176316
176917
176918
176918
176919
177520
177521
177522
178123
178124
178125
178126
178727
178728
178729
179330
179331
179332
179933
179934
179935
179936
180537
180538
180539
181140
181141
70715
70115
68916
68316
67716
66517
65917
65317
64717
64118
61719
59320
58720
56321
53922
51523
49124
48524
46725
46125
43726
41327
38928
36529
35929
34729
34130
33530
31730
31131
28732
28132
27532
26333
25733
25133
24533
20772
20173
20772
24370
23770
23171
22571
21971
21372
38764
33366
32766
2294
1694
1095
495
359912
359312
358712
358112
357511
356911
356311
355711
355111
354511
353911
353911
353312
353313
352714
352715
352116
352117
351518
351518
350919
350320
349721
349122
348523
348524
347925
347326
346727
346128
345529
345529
344929
344329
343730
343130
2342
1743
1143
543
20340
20341
20342
20343
20344
20345
20346
20347
20348
20349
20350
20351
20352
20353
20354
20355
20356
20357
20358
20359
20360
20361
19785
19786
19787
19788
19789
19790
19791
19792
19793
19794
19795
19796
19797
19798
19799
181141
181142
181743
181744
181745
182346
182347
182348
182949
182950
182951
183552
183553
183554
184155
184156
184157
184758
184759
184760
185361
185362
185363
185964
185965
185966
186567
186568
186569
187170
187171
187172
187773
187774
187775
188376
188377
188378
188979
188980
188981
189582
189583
189584
190185
190186
190187
190788
190789
190790
191391
191392
191393
191994
191995
191996
192597
192598
192599
