359417
358816
358216
357616
357015
356415
355814
355214
354013
338403
337803
337202
336602
336002
335401
334801
334200
333600
333000
357417
357418
356819
356820
356821
356822
356823
356824
356825
356826
356827
356828
356829
356830
356831
356832
356833
356834
356235
356236
356237
356238
356239
356240
356241
356242
356243
356244
356245
356246
356247
356248
356249
356250
356251
355652
355653
355654
355655
355656
355657
355658
355659
355660
355661
355662
355663
355664
355665
355666
353904
353905
353906
353907
353908
353909
353910
353911
353912
353913
353914
353915
353916
353317
353318
353319
353320
353321
353322
353323
353324
359097
359098
359099
359100
359101
359102
359103
359104
359105
359106
359107
359108
359109
359110
359111
359112
359113
359114
359115
359116
358535
358536
358537
358538
358539
358540
358541
358542
358543
358544
358545
358546
358547
358548
358549
358550
358551
358552
358553
358554
358555
358556
358557
358558
358559
358560
358561
358562
358563
358564
358565
358566
358567
358568
358569
357970
357971
357972
357973
357974
357975
357976
357977
357978
357979
357980
357981
357982
357983
357984
357985
359097
359097
358497
357896
357296
356695
356095
355495
354894
354294
353694
353093
352493
351892
351292
350692
350091
349491
348890
348290
347690
347089
346489
345888
345288
344688
344087
343487
342887
342286
341686
341085
340485
338083
337483
336883
336282
335682
335081
334481
333881
333280
332680
332080
331479
330278
329678
329078
328477
327877
327276
326676
326076
325475
324875
324274
323674
323074
322473
321873
321273
320672
320072
319471
318871
318271
317670
316469
315869
315269
314668
314068
313467
312867
312267
311666
311066
310466
309865
309265
308664
308064
307464
306863
306263
305662
305062
304462
303861
303261
302661
302060
301460
300859
300259
299659
299058
298458
297257
296657
296056
295456
294855
294255
293655
293054
292454
291854
291253
290653
290052
289452
288852
288251
287651
287050
286450
285850
285249
284649
284048
283448
282848
282247
281647
281047
280446
279846
279245
278645
278045
277444
276844
276243
275643
275043
274442
273842
273241
272641
272041
271440
270840
270240
269639
269039
268438
267838
267238
266637
266037
265436
264836
264236
263635
263035
262434
261834
261234
260633
260033
259433
258832
258232
257631
257031
256431
255830
255230
254629
254029
253429
252828
252228
251627
251027
250427
249826
249226
248626
248025
247425
246824
246224
135986
135987
135388
135389
134790
134791
134792
134193
134194
134195
133596
133597
132998
132999
133000
132401
132402
132403
131804
131805
131206
131207
131208
130609
130610
130011
130012
130013
129414
129415
129416
128817
128818
128219
128220
128221
127622
127623
127024
127025
127026
126428
126429
124637
124038
124039
123440
123441
123442
122843
122844
122245
122246
122247
121648
121649
121650
121051
121052
120453
120454
120455
119856
119857
119258
119259
119260
118661
118662
118663
118064
118065
117466
117467
117468
116869
116870
116871
116272
116273
115674
135986
221400
221401
221402
220803
220804
220205
220206
220207
219608
219609
219610
219011
219012
218413
218414
218415
217816
217817
217818
217219
217220
216621
216622
216623
216024
216025
216026
215427
215428
214829
214830
214831
214232
214233
214234
213635
213636
213637
213038
213039
212440
212441
212442
211843
211844
211845
211246
211247
210648
210649
210650
210051
210052
210053
209454
209455
208856
208857
208858
208259
208260
208261
207662
207663
207064
207065
207066
206467
206468
206469
205870
205871
205872
205273
205274
204675
204676
204677
204078
204079
204080
203481
203482
202883
202884
202885
202286
202287
202288
201689
201690
201091
201092
201093
200494
200495
200496
199897
199898
199899
199300
199301
198702
198703
198704
198105
198106
198107
197508
197509
196910
196911
196912
196313
196314
196315
195716
195717
195118
195119
195120
194521
194522
194523
193924
193925
193326
193327
193328
192729
192730
192731
192132
192133
192134
191535
191536
190937
190938
190939
190340
190341
190342
189743
189744
189145
189146
189147
188548
188549
188550
187951
187952
187353
187354
187355
186756
186757
186758
186159
186160
186161
185562
185563
184964
184965
184966
184367
184368
184369
183770
183771
183172
183173
183174
182575
182576
182577
181978
181979
181380
181381
181382
180783
180784
180785
180186
180187
179588
179589
179590
178991
178992
178993
178394
178395
178396
177797
177798
177199
177200
177201
176602
176603
176604
176005
176006
175407
175408
175409
174810
174811
174812
174213
174214
173615
173616
173617
173018
173019
173020
172421
172422
171823
171824
171825
171226
171227
171228
170629
170630
170631
170032
170033
169434
169435
169436
168837
168838
168839
168240
168241
167642
167643
167644
167045
167046
167047
166448
166449
165850
165851
165852
165253
165254
165255
164656
164657
164658
164059
164060
163461
163462
163463
162864
162865
162866
162267
162268
161669
161670
161671
161072
161073
161074
160475
160476
159877
159878
159879
159280
159281
159282
158683
158684
158085
158086
158087
157488
157489
157490
156891
156892
156893
156294
156295
155696
155697
155698
155099
155100
155101
154502
154503
153904
153906
153307
153308
153309
152710
152711
152113
152114
151515
151516
151517
150918
150919
150321
150322
149723
149724
149725
149126
149127
149128
148529
148530
147931
147932
147933
147334
147335
147336
146737
146738
146139
146140
146141
145542
145543
145544
144945
144946
144347
144348
144349
143751
143752
143153
143154
143155
142556
142557
141958
141959
141960
141361
141362
141363
140764
140765
140166
140167
140168
139569
139570
139571
138972
138973
138374
138375
138376
137777
137778
137779
137180
137181
136582
136583
136584
135985
96763
96163
95563
94964
85365
76967
76367
75767
75167
74567
73967
73367
72768
72168
71568
70968
70368
69768
69168
68568
67968
67369
66769
66169
65569
64969
64369
63769
63169
62569
61969
61370
60770
60170
59570
55970
55371
54771
54171
53571
52971
52371
51771
51171
50571
49972
49372
48772
48172
47572
46972
46372
45772
45172
44572
43973
43373
42773
42173
41573
40973
40373
39773
18177
17577
16977
16377
15777
15177
14578
13978
13378
12778
12178
11578
10978
10378
9778
9178
8579
7979
7379
6779
6179
5579
4979
4379
3779
3180
2580
1980
1380
780
180
351994
351394
350794
350194
349594
348994
348394
347794
347194
346594
345994
345394
344794
344194
343594
342994
342394
341794
341194
340594
339994
339994
339394
338794
338194
337594
336993
336393
335793
335193
334593
333993
333393
332793
332192
331592
330992
330392
329792
329192
328592
327992
327392
326791
326191
325591
324991
324391
323791
323191
322591
321990
321390
320790
320190
319590
318990
318390
317790
317189
316589
315989
315389
314789
314189
313589
312989
312389
311788
311188
310588
309988
309388
308788
308188
307588
306987
306387
305787
305187
304587
304587
303987
303387
302786
302186
301586
300986
300385
299785
299185
298585
297985
297384
296784
296184
295584
294984
294383
293783
293183
292583
291982
291382
290782
290182
289582
288981
288381
287781
287181
286581
285980
285380
284780
284180
283579
282979
282379
281779
281179
280578
279978
279378
278778
278177
277577
276977
276377
275777
275176
274576
273976
273376
272776
272175
271575
270975
270375
269774
269174
268574
267974
267374
266773
266173
265573
264973
264372
263772
263172
262572
261972
261371
260771
260171
259571
258971
258370
257770
257170
256570
255969
255369
254769
254169
253569
252968
252368
251768
251168
250568
249967
249367
248767
248167
247566
246966
246366
246366
245766
245165
244565
243964
243364
242764
242163
241563
240962
240362
239762
239161
238561
237960
237360
236760
236159
235559
234958
234358
233758
233157
232557
231956
231356
230756
230155
229555
228955
228354
227754
227153
226553
225953
225352
224752
224151
223551
222951
222350
221750
221149
220549
219949
219348
218748
218147
217547
216947
216346
215746
215145
214545
213945
213344
212744
212143
211543
110171
110172
110173
110174
110175
110176
110777
110778
110779
110780
110781
110782
110783
110784
110785
110786
110787
110788
111389
111390
111391
111392
111393
111394
111395
111396
111397
111398
111399
112000
112001
112002
112003
112004
112005
112006
112007
112008
112009
112010
112011
112612
112613
112614
112615
112616
112617
112619
112620
112621
112622
112623
113224
113225
113226
113227
113228
113229
113230
113231
113232
113233
113234
113835
113836
113837
113838
113839
113840
113841
113842
113843
113845
113846
114447
114448
114449
114450
114451
114452
114453
114455
114456
114457
115058
115059
115060
115061
115062
115063
115064
115065
115066
115067
115068
115069
115670
115671
115673
115674
110171
96763
96764
96765
96766
96767
97368
97369
97370
97371
97376
97377
97978
97979
97980
97981
97982
97983
97984
97985
97986
98587
98588
98589
98590
98591
98592
98593
98594
98595
98596
99197
99198
99199
99200
99201
99202
99203
99204
99205
99806
99807
99808
99809
99810
99811
99812
99813
99814
99815
100416
100417
100418
100419
100420
100421
100422
100423
100424
101025
101026
101027
101028
101029
101030
101639
101640
101641
101642
101643
102244
102245
102246
102247
102248
102249
102250
102251
102252
102853
102854
102855
102856
102857
102858
102859
102860
102861
102862
103463
103464
103465
103466
103467
103468
103469
103470
103471
104072
104073
104074
104075
104076
104077
104078
104079
104080
104081
104682
104683
104684
104685
104686
104687
104689
104690
105291
105292
105293
105294
105295
105296
105297
105298
105299
105300
105901
105902
105903
105904
105905
105906
105907
105908
105909
106510
106511
106512
106513
106514
106515
106516
106517
106518
106519
107120
107121
107122
107123
107124
107125
107126
107127
107128
107729
107730
107731
107732
107733
107734
107735
107736
107737
108338
108339
108340
108341
108342
108343
108344
108345
108346
108347
108948
108949
108950
108951
108952
108953
108954
108955
108956
109557
109558
109559
109564
109565
109566
110167
110168
110169
110170
96763
90014
90015
90016
90017
90018
90019
90020
90021
90022
90623
90624
90625
90626
90627
90628
90629
90630
90631
90632
90633
90634
90635
90636
91237
91238
91239
91240
91241
91242
91243
91244
91245
91246
91247
91248
91249
91850
91851
91852
91853
91854
91855
91856
91857
91858
91859
91860
91861
91862
92463
92464
92465
92466
92467
92468
92469
92470
92471
92472
92473
92474
92475
92476
93077
93078
93079
93080
93083
93084
93085
93087
94303
94304
94306
94307
94308
94309
94921
94922
95530
95531
95532
95533
95534
95535
95536
95537
95542
96143
96144
96145
96146
96147
96148
96149
96150
96151
96152
96153
96154
96155
96156
96757
96758
96759
96760
96761
96762
115675
115676
115677
115678
115679
115680
116281
116282
116283
116284
116285
116286
116287
116288
116289
116290
116891
116892
116893
116894
116895
116896
116897
116898
116900
116901
117502
117503
117504
117505
117506
117507
117508
117509
117510
117511
118112
118113
118114
118115
118116
118117
118118
118119
118120
118121
118122
118723
118724
118725
118726
119333
119334
119335
119336
119337
119338
119339
119340
119342
119343
119944
119945
119946
119947
119949
119950
119951
119952
119953
119954
120555
120556
120557
120558
120559
120560
120561
120562
120563
120564
121165
121166
121167
121168
121169
121170
121171
121172
121173
121174
121175
121776
121777
121778
121779
121780
121781
121782
121783
121784
121785
122386
122387
122389
122390
122391
122392
122393
122394
122395
122396
122997
122998
122999
135986
135386
134785
134185
125780
125180
124579
123979
123379
122778
120977
116775
116174
115574
114974
114373
113773
113173
112572
111972
111372
110771
135986
328163
328164
328165
328166
328167
328168
327569
327570
327571
327572
327573
327574
327575
327576
327577
327578
327579
327580
326981
326982
326983
326984
326985
326986
326987
326988
326989
326990
326991
326992
326393
326394
326395
326396
326397
326398
326399
328163
181789
181790
181791
181792
181793
182394
182395
182396
182397
182398
182399
181789
2428
1828
1228
628
28
181789
181189
180589
179990
179390
178790
178190
177591
176991
176391
175791
175192
174592
173992
173392
172793
172193
171593
170993
170394
169794
169194
168594
167995
167395
166795
166195
165595
164996
164396
163796
163196
162597
161997
161397
160797
160198
159598
158998
158398
157799
157199
156599
155999
181789
290348
289748
289148
288549
287949
287349
286749
286150
285550
284950
284350
283750
283151
282551
281951
281351
280752
280152
279552
278952
278353
277753
277153
276553
275953
275354
274754
274154
273554
272955
272355
271755
271155
270555
269956
269356
268756
268156
267557
266957
266357
265757
265158
264558
263958
263358
262758
262159
261559
260959
260359
259760
259160
258560
257960
257360
256761
256161
255561
254961
254362
253762
253162
252562
251962
251363
250763
250163
249563
248964
248364
247764
247164
246565
245965
245365
244765
244165
243566
242966
242366
241766
241167
240567
239967
239367
238767
238168
237568
236968
236368
235769
235169
234569
233969
233370
232770
232170
231570
230970
230371
229771
229171
228571
227972
227372
226772
226172
225572
224973
224373
223773
223173
222574
221974
221374
220774
220175
219575
218975
218375
217775
217176
216576
215976
215376
214777
214177
213577
212977
212377
211778
211178
210578
209978
209379
208779
208179
207579
206979
206380
205780
205180
204580
203981
203381
202781
202181
201582
200982
200382
199782
199182
198583
197983
197383
196783
196184
195584
194984
194384
193784
193185
192585
191985
191385
190786
190186
189586
188986
188387
187787
187187
186587
185987
185388
184788
184188
183588
182989
182389
290348
311940
311340
310740
310141
309541
308941
308341
307742
307142
306542
305942
305342
304743
304143
303543
302943
302344
301744
301144
300544
299944
299345
298745
298145
297545
296946
296346
295746
295146
294546
293947
293347
292747
292147
291548
290948
311940
329334
328734
328134
327535
326935
326335
325735
325135
324536
323936
323336
322736
322136
321537
320937
320337
319737
319138
318538
317938
317338
316738
316139
315539
314939
314339
313739
313140
312540
329334
349126
348526
347926
347327
346727
346127
345527
344928
344328
343728
343128
342529
341929
341329
340729
340130
339530
338930
338330
337731
337131
336531
335931
335332
334732
334132
333532
332933
332333
331733
331133
330534
329934
349126
353325
352725
352125
351525
350926
350326
349726
353325
359923
358723
358123
357524
356924
356324
355724
355124
354525
353925
329334
329335
329336
329337
329338
329339
329340
329341
328742
328743
328744
328745
328746
328747
328748
328749
328750
328751
328752
328753
328754
328755
328156
328157
328158
328159
328160
328161
328162
328163
349126
349127
349128
349129
349130
349131
349132
349133
349134
349135
349136
349137
349138
349139
349140
349141
349142
349143
349156
349157
349758
349759
349760
349761
349762
349763
349764
349765
349766
349767
349768
349769
349770
349771
349772
349773
349774
349775
349776
349777
349778
349779
349780
349781
349782
349783
349784
349785
349786
349787
349788
349789
