3000
3601
4202
4203
4804
5405
5405
6006
6007
6608
7209
7810
7811
8412
9013
9614
9615
10216
10817
11418
11419
12020
12621
202509
201910
201310
200711
200112
199513
198913
198314
197715
197715
197116
196516
195917
195318
194719
194119
193520
192921
192322
191722
191123
191123
190524
189925
189326
189327
188728
188129
187530
186931
186332
185733
185134
185135
184536
183937
183338
182739
182739
182740
182141
182142
181543
181544
180945
180946
180347
180348
179749
179750
179151
179152
178553
178554
177955
177956
177357
177358
176759
176760
176161
176162
176162
176163
175564
175565
175566
175567
174968
174969
174970
174371
174372
174373
174374
173775
173776
173777
173778
173179
173180
173181
172582
172583
172584
172585
171986
171987
171988
171389
171390
171391
171392
170793
170794
12621
12022
12023
11424
11425
10826
10827
10228
9629
9630
9031
9032
8433
8433
7834
7835
7236
7237
6638
6639
6040
5441
5442
4843
4844
4245
4246
3647
3048
3049
2450
2451
1852
1253
1254
655
656
57
58
209185
209186
207993
206800
206801
206802
206203
206204
206205
206206
205607
205608
205609
205010
205011
205012
205013
204415
204416
204417
203818
203819
203820
203821
203222
203223
203224
203225
202626
202627
202628
202031
202032
201433
201434
201435
201436
200837
200838
200840
200244
199645
199646
199647
199648
199049
199050
199051
196665
196666
196667
196068
196069
195471
195472
194282
193683
193684
193685
193686
193087
193088
193089
193090
192491
192492
192493
191894
191895
191896
191897
191298
191299
191300
191301
190702
190703
190704
190705
190106
190107
190108
190109
189510
189511
189512
188913
188914
188915
188916
186529
186530
186531
186532
184145
184146
184147
183548
183549
183550
183551
182953
182954
182357
182358
181759
181760
181761
181762
177588
177589
176990
176991
176992
176993
359839
359238
358638
358038
357438
356838
356237
355637
355037
354437
353837
353236
352636
352036
351436
350836
350235
349635
349035
348435
347835
347234
346634
346034
346034
345434
344834
344233
343633
343033
342433
341832
341232
340632
340032
339432
338831
338231
337631
337031
336431
335830
335230
334630
334030
333429
332829
332229
331629
331029
330428
329828
329228
328628
328028
327427
326827
326227
325627
325026
324426
323826
323226
322626
322025
321425
320825
320225
319625
319024
318424
317824
317224
316623
316023
315423
314823
314223
313622
313022
312422
311822
311222
310621
310021
309421
308821
308220
307620
307020
306420
305820
305219
304619
304019
303419
302819
302218
301618
301018
300418
299817
299217
298617
298017
297417
296816
296216
295616
295016
294416
293815
293215
292615
292015
291414
290814
290214
289614
289014
288413
287813
287213
286613
286013
285412
284812
284212
283612
283011
282411
281811
281211
280611
280010
279410
278810
278210
277610
277009
276409
275809
275209
274608
274008
273408
272808
272208
271607
271007
270407
269807
269206
268606
268006
267406
266806
266205
265605
265005
264405
263805
263204
262604
262004
261404
260803
260203
259603
259003
258403
257802
257202
256602
256002
255402
254801
254201
253601
253001
252400
251800
251200
250600
250000
249399
248799
248199
247599
246999
246398
245798
245198
244598
243997
243397
242797
242197
241597
240996
240396
239796
239196
238596
237995
237395
236795
236195
235594
234994
234394
233794
233194
232593
231993
231393
230793
230193
229592
228992
228392
227792
227191
226591
225991
225391
224791
224190
223590
222990
222390
221790
221189
220589
219989
219389
218788
218188
217588
216988
216388
215787
215187
214587
213987
213387
212786
212186
211586
210986
210385
209785
209185
76200
76201
76202
76203
75604
75605
75606
75607
75608
75609
75610
75611
75612
75613
75614
75615
75616
75617
75618
75619
75620
75621
75622
75623
75624
75025
75026
75027
75028
75029
75030
75031
75032
75033
75034
75035
75036
75037
75038
75039
75040
75041
75042
75043
75044
75045
74446
74447
74448
74449
74450
74451
74452
74453
74454
74455
74456
74457
74458
74459
74460
74461
74462
74463
74464
74465
74466
73867
73868
73869
73870
73871
73872
73873
73874
73875
73876
73877
73877
73878
73279
73280
73280
73281
73282
73283
73284
73285
73286
73287
73295
72696
72697
72698
72699
72700
72701
72702
72703
72704
72705
72706
72707
72708
72709
72710
72711
214470
213871
213272
213273
212674
212075
211476
210877
210278
210279
209680
209081
214470
221048
221049
220450
220451
219852
219853
219254
219255
218656
218058
218059
217460
217461
216862
216863
216264
216265
215666
215667
215068
215069
221048
233569
228202
228203
228204
227605
227606
227607
227608
227009
227010
227011
227012
226413
226414
226415
226416
225817
225818
225819
225220
225221
225222
225223
224624
224625
224626
224627
224028
224029
224030
224031
223432
223433
223434
222835
222836
222837
222838
222239
222240
222241
222242
221643
221644
221645
221646
221047
233569
249663
249664
249665
249666
249067
249068
249069
249070
248471
248472
248473
248474
247875
247876
247877
247878
247279
247280
247281
247282
246683
246684
246086
246087
246088
246089
245490
245491
245492
245493
238936
238337
238338
238339
238340
237741
237742
237743
234167
233568
256815
256216
256217
256218
256219
255620
255621
255622
255623
255624
255025
255026
129730
129131
128532
127933
127934
127335
126736
126137
129730
140518
139919
139319
138720
138121
137521
136922
136323
135723
135124
134525
133925
133326
132727
132127
131528
130929
130329
140518
156699
156099
155500
154901
154302
153702
153103
152504
151904
151305
150706
150107
149507
148908
148309
147709
147110
146511
145912
145312
144713
144114
143514
142915
142316
141717
141117
166887
166288
165689
165089
164490
163890
193857
193258
192658
192059
191460
190861
190261
189662
189063
188463
187864
187265
186666
186066
185467
184868
184268
183669
183070
182471
181871
193857
209429
208830
208231
207632
207033
206434
205835
205836
205237
204638
204039
203440
202841
202242
201643
201044
200445
199846
199247
198648
198049
198050
197451
196852
196253
195654
195055
194456
209429
216614
216015
215416
215417
214818
214219
213620
213021
213022
212423
211824
211225
210626
210627
210028
216614
223200
222601
222002
221403
221404
220805
220206
219607
219608
219009
218410
217811
217812
217213
233569
171058
170457
169856
169255
168654
167453
166852
165650
117646
118247
148858
148258
147659
147059
146459
145860
145260
144660
144061
143461
142862
142262
141662
141063
148858
157253
156653
156054
155454
154854
154255
153655
153055
152456
151856
151257
150657
150057
149458
157253
165650
165050
164450
163851
163251
162651
162051
160852
160252
159652
158453
157853
165650
183038
182438
181839
181239
180640
180040
179440
178841
176443
175843
174644
173445
171646
170447
169847
169248
168648
168048
167449
166849
166250
183038
188432
187833
187233
186634
186035
185435
184836
183637
188432
193227
192628
192028
191429
190829
190230
189631
189031
193227
203421
202821
199223
198024
196225
195026
194426
193827
203421
216614
216014
215415
214815
214215
213616
213016
212416
211817
211217
210617
210017
209418
208818
208218
207619
207019
206419
205820
205220
204620
204021
216614
18010
17411
16812
16813
16214
15615
15016
14417
13818
13819
13220
18010
19208
18609
214515
213915
213314
212714
212114
211514
210913
210313
209713
209112
208512
207912
207311
206711
206111
205511
204910
204310
203710
203109
214515
160776
160777
160778
160179
160180
160181
159582
159583
210959
210360
209760
209161
203767
203167
202568
201969
201369
200770
200170
199571
198972
198372
197773
197174
196574
195975
195376
194776
210959
209732
209733
209734
209735
209736
209737
209738
210339
210340
210341
210342
210343
210344
210345
210346
210347
210348
210349
210350
210351
210352
210953
210954
210955
210956
210957
210958
209732
214515
214516
213917
213918
213319
213320
212721
212722
212123
212124
211525
211526
210927
210928
210329
210330
209731
214515
97911
97312
96713
96714
96115
95516
94917
94318
94319
93720
93121
92522
91923
91324
91325
90726
90127
89528
88929
88930
88331
97911
99108
98509
98510
115843
72711
72110
71509
70908
70307
69707
69106
68505
67904
67303
66702
66101
65500
64899
64298
63698
63097
62496
61895
61294
60693
60092
59491
58890
58289
57689
57088
56487
55886
55285
54684
54083
53482
52881
52280
51680
51079
50478
49877
49276
48675
48074
47473
46872
46271
45671
45070
44469
43868
43267
42666
42065
41464
40863
40262
39662
39061
38460
37859
37258
36657
36056
35455
34854
34253
33653
33052
32451
31850
31249
30648
30047
29446
28845
28244
27644
27043
26442
25841
25240
24639
24038
23437
22836
22235
21635
21034
20433
19832
19231
18630
18029
17428
16827
16226
15626
15025
14424
13823
13222
72711
347811
347212
347213
347214
347215
347216
346617
346618
346619
346620
346621
346022
346023
346024
346024
346025
346026
346027
346028
346029
346030
346031
346032
346033
346034
87732
87131
86530
85929
85329
84728
84127
83526
82925
82324
81724
81123
80522
79921
79320
78719
78119
77518
76917
76316
75715
75114
74514
73913
73312
87732
112367
111766
111165
110564
109964
109363
108762
108161
107560
106959
106358
105758
105157
104556
103955
103354
102753
102152
101552
100951
100350
99749
99148
98547
97947
97346
96745
96144
95543
94942
94341
93741
93140
92539
91938
91337
90736
90135
89535
88934
88333
112367
260135
259535
258934
258334
257734
257134
256533
255933
255333
254733
254132
253532
252932
252332
251731
251131
250531
249931
249330
248730
248130
247529
246929
246329
245729
245128
244528
243928
243328
242727
242127
241527
240927
240326
239726
239126
238526
237925
237325
236725
236124
235524
234924
234324
233723
233123
232523
231923
231322
230722
230122
229522
228921
228321
227721
227121
226520
225920
225320
224719
224119
223519
222919
222318
221718
221118
220518
219917
219317
218717
218117
217516
216916
216316
215716
215115
260135
269740
269140
268539
267939
267339
266738
266138
265538
264938
264337
263737
263137
262536
261936
261336
260735
269740
223562
222962
222362
221762
221161
220561
219961
219361
218761
218161
217561
216960
216360
215760
215160
214560
213960
213360
212759
212159
211559
223562
314195
313595
312995
312394
311794
311194
310594
309993
309393
308793
308193
307593
306992
306392
305792
305192
304592
303991
303391
302791
302191
301590
300990
300390
299790
299190
298589
297989
297389
296789
296188
295588
294988
294388
293788
293187
292587
291987
291387
290786
290186
289586
288986
288386
287785
287185
286585
285985
285385
284784
284184
283584
282984
282383
281783
281183
280583
279983
279382
278782
278182
277582
276981
276381
275781
275181
274581
273980
273380
272780
272180
271579
270979
270379
269779
269179
268578
267978
267378
266778
266178
265577
264977
264377
263777
263176
262576
261976
261376
260776
260175
259575
258975
258375
257774
257174
256574
255974
255374
254773
254173
253573
252973
252372
251772
251172
250572
249972
249371
248771
248171
247571
246971
246370
245770
245170
244570
243969
243369
242769
242169
241569
240968
240368
239768
239168
238567
237967
237367
236767
236167
235566
234966
234366
233766
233165
232565
231965
231365
230765
230164
229564
228964
228364
227764
227163
226563
225963
225363
224762
224162
314195
346609
346008
345408
344808
344208
343607
343007
342407
341807
341206
340606
340006
339406
338805
338205
337605
337005
336404
335804
335204
334604
334003
333403
332803
332203
331602
331002
330402
329802
329201
328601
328001
327401
326800
326200
325600
325000
324399
323799
323199
322599
321998
321398
320798
320198
319597
318997
318397
317797
317196
316596
315996
315396
314795
359814
359213
358613
358013
357413
356812
356212
355612
355012
354411
353811
353211
352611
352011
351410
350810
350210
349610
349009
348409
5405
4805
4205
3605
3005
2405
1805
1205
604
4
170794
170795
170196
170197
170198
170199
169600
169601
169602
169603
169004
169005
169006
168407
168408
168409
168410
167811
167812
167813
167814
167215
167216
167217
166618
166619
166620
166621
166022
166023
166024
166025
165426
165427
165428
164829
164830
164831
164832
164233
164234
164235
164236
163637
163638
163639
163640
163041
163042
163043
162444
162445
162446
162447
161848
161849
161850
161851
161252
161253
161254
160655
160656
160657
160658
160059
160060
160061
160062
159463
159464
159465
158866
158867
158868
158869
158270
158271
158272
158273
157674
157675
157676
157077
157078
157079
157080
156481
156482
156483
156484
155885
155886
155887
155288
155289
155290
155291
154692
154693
154694
154695
154096
154097
154098
153499
153500
153501
153502
152903
152904
152905
149922
149923
149924
148135
147536
147537
147538
147539
146940
146941
146942
146943
146344
146345
146346
145747
145748
145749
145750
145151
145152
145153
144556
144556
144557
143958
143959
143960
143961
143362
143363
143364
143365
142766
142767
142768
142769
142170
142171
142172
142173
141574
141575
141576
141577
140978
140979
140980
140981
140382
140383
140384
140385
139786
139787
139788
139789
139190
139191
139192
139193
138594
138595
138596
138597
137998
137999
359786
359185
358585
357985
357385
356784
356184
355584
354983
354383
353783
353182
352582
351982
351381
350781
350181
349581
348980
348380
347780
347179
346579
345979
345378
344778
344178
343577
342977
342377
341777
341176
340576
339976
339375
338775
338175
337574
336974
336374
335774
335173
334573
333973
333372
332772
332172
331571
330971
330371
329770
329170
328570
327970
327369
326769
326169
325568
324968
324368
323767
323167
322567
321967
321366
320766
320166
319565
318965
318365
317764
317164
316564
315963
315363
314763
314163
313562
312962
312362
311761
311161
310561
309960
309360
308760
308160
307559
306959
306359
305758
305158
304558
303957
303357
302757
302156
301556
300956
300356
299755
299155
298555
297954
297354
296754
296153
295553
294953
294352
293752
293152
292552
291951
291351
290751
290150
289550
288950
288349
287749
287149
286549
285948
285348
284748
284147
283547
282947
282346
281746
281146
280545
279945
279345
278745
278144
277544
276944
276343
275743
275143
274542
273942
273342
272742
272141
271541
270941
270340
162838
162237
161636
161035
160435
159834
159233
158632
158031
157430
156830
156229
155628
155027
154426
153825
153224
152624
152023
151422
150821
150220
149619
149019
148418
147817
147216
146615
146014
145413
144813
144212
143611
143010
142409
141808
141208
140607
140006
139405
138804
138203
137603
137002
136401
135800
135199
134598
133997
133397
132796
132195
131594
130993
130392
129792
129191
128590
127989
127388
126787
126186
125586
124985
124384
123783
123182
122581
121981
121380
120779
120178
119577
118976
118375
117775
117174
116573
115972
115371
114770
114170
113569
112968
162838
185673
185072
184471
183870
183269
182668
182067
181467
180866
180265
179664
179063
178462
177861
177260
176659
176058
175457
174856
174256
173655
173054
172453
171852
171251
170650
170049
169448
168847
168246
167645
167044
166444
165843
165242
164641
164040
163439
185673
185673
186274
186875
186876
187477
188078
188679
188680
189281
189882
190483
191084
191085
191686
192287
192888
192889
193490
194091
194692
195293
195294
195895
196496
197097
197098
197699
198300
198901
199502
199503
200104
200705
201306
201307
201908
202509
177873
178474
179075
179076
179677
180278
180879
180880
181481
182082
182683
183284
183285
183886
184487
185088
185689
185690
186291
186892
187493
187494
188095
188696
189297
189898
189899
190500
191101
191702
192303
192304
192905
193506
194107
194108
194709
195310
195911
196512
196513
197114
177873
177873
177272
176671
176070
175470
174869
174268
173667
173066
172465
171864
171264
170663
170062
169461
168860
168259
167658
161650
161049
160448
159847
159246
158646
158045
157444
156843
156242
155641
155040
154440
153839
153238
152637
152637
152037
151436
150836
150236
149636
149035
148435
147835
147235
146634
146034
145434
144833
144233
143633
143033
109374
109975
109976
110577
110578
111179
111780
111781
112382
112383
112984
113585
113586
114187
114188
114789
115390
115992
109374
109374
108773
108172
107571
106971
106370
105769
105168
104567
103966
103366
102765
102164
101563
100962
100361
99761
99160
98559
97958
97357
96756
96156
95555
94954
94353
93752
93151
92551
91950
91349
90748
90147
89546
88945
88345
87744
87143
86542
85941
85340
84740
84139
83538
82937
82336
81735
81135
80534
79933
79332
78731
78130
77530
76929
76328
75727
67315
66714
66114
65513
64912
64311
63710
63109
62509
61908
61307
60706
60105
59504
58904
58303
57702
57101
56500
55899
55298
54698
54097
53496
52895
52294
51693
51093
50492
49891
49290
48689
48088
47488
46887
46286
45685
45084
44483
43883
43282
42681
42080
41479
40878
40277
39677
39076
38475
37874
37273
36672
36072
35471
34870
34269
33668
33067
32467
31866
31265
30664
30063
29462
28862
28261
27660
27059
26458
25857
25257
24656
24055
23454
22853
22252
21651
21051
20450
19849
19248
18647
18046
17446
16845
16244
15643
15042
14441
13841
13240
12639
12038
11437
10836
10236
9635
9034
8433
11
12
613
1214
1215
1816
2417
2418
3019
3020
3621
4222
4223
4824
5425
5426
6027
6628
6629
7230
7831
7832
12600
13201
13802
14403
14404
15005
15606
16207
16808
17409
18010
51060
50459
49858
49257
48656
48055
47455
46854
46253
45652
45051
44450
43849
43248
42647
42046
41445
40845
40244
39643
39042
38441
37840
37239
36638
36037
35436
34835
34235
33634
33033
32432
30629
30028
29427
28826
28225
27625
27024
26423
25822
25221
24620
24019
23418
22817
22216
21615
21015
20414
19813
19212
18611
51060
61872
61271
60671
60070
59469
58869
58268
57667
57067
56466
55865
55265
54664
54063
53463
52862
52261
51661
61872
73877
73277
72677
72076
71476
70876
70276
69675
69075
68475
67875
67274
66674
66074
65474
64873
64273
63673
63073
62472
73877
97911
97310
96709
96108
95508
94907
94306
93705
93104
92503
91903
91302
90701
90100
89499
88898
88297
87697
87096
86495
85894
85293
84692
84091
83491
82890
82289
81688
81087
80486
79886
79285
78684
78083
77482
76881
76280
75680
75079
74478
97911
97911
98512
99113
99714
100315
100916
101517
101518
102119
102720
103321
103922
114741
115342
115343
115944
116545
117146
117747
118348
118949
118949
119550
120151
120752
121353
121954
122555
123156
123757
124358
124959
125560
126161
129166
129767
130368
130969
131570
132171
132772
133373
133974
134575
135176
135777
136378
136979
137580
138181
138782
139383
139984
140585
141186
141787
142388
142989
143590
144191
144792
145393
145994
146595
147196
147797
198875
198274
197673
197072
196471
195870
195269
194669
194068
193467
192866
192265
191664
191063
190462
189861
189260
188659
188058
187458
186857
186256
185655
185054
184453
183852
183251
182650
182049
181448
180847
180247
179646
179045
178444
177843
177242
176641
176040
175439
174838
174237
168228
167627
167026
166425
165825
165224
164623
164022
163421
162820
162219
161618
161017
160416
159815
159214
158614
158013
157412
156811
156210
155609
155008
154407
153806
153205
152604
152003
151403
150802
150201
149600
148999
148398
198875
208482
207882
207281
206681
206080
205480
204879
204279
203679
203078
202478
201877
201277
200676
200076
199475
208482
219294
218693
218093
217492
216891
216291
215690
215089
214489
213888
213287
212687
212086
211485
210885
210284
209683
209083
219294
231908
231307
230707
230106
229505
228905
228304
227703
227103
226502
225901
225301
224700
224099
223499
222898
222297
221697
221096
220495
219895
231908
261923
261323
260722
260122
259522
258922
258321
257721
257121
256520
255920
255320
254719
254119
253519
252919
252318
251718
251118
250517
249917
249317
248716
248116
247516
246916
246315
245715
245115
244514
243914
243314
242713
242113
241513
240913
240312
239712
239112
238511
237911
237311
236710
236110
235510
234910
234309
233709
233109
232508
261923
359773
359172
358572
357972
357372
356771
356171
355571
354970
354370
353770
353169
352569
351969
351368
350768
350168
349568
348967
348367
347767
347166
346566
345966
345365
344765
344165
343565
342964
342364
341764
341163
340563
339963
339362
338762
338162
337561
336961
336361
335761
335160
334560
333960
333359
332759
332159
331558
330958
330358
329757
329157
328557
327957
327356
326756
326156
325555
324955
324355
323754
323154
322554
321954
321353
320753
320153
319552
318952
318352
317751
317151
316551
315950
315350
314750
314150
313549
312949
312349
311748
311148
310548
309947
309347
308747
308146
307546
306946
306346
305145
304545
303344
302744
302143
301543
300943
300343
299742
299142
298542
297941
297341
296741
296140
295540
294940
294339
293739
293139
292539
291938
291338
290738
290137
289537
288937
288336
287736
287136
286536
285935
285335
284735
281133
280532
279932
279332
278732
278131
277531
276931
276330
275730
275130
270928
270327
269727
269127
268526
267926
267326
266725
266125
265525
264925
264324
263724
263124
262523
197715
198316
198317
198918
199519
199520
200121
200722
200723
201324
201925
201926
202527
203128
203129
203730
204331
204332
204933
204933
204934
205535
205536
206137
206138
206139
206740
206741
206742
207343
207344
207945
207946
207947
208548
208549
209150
209151
209152
209753
209754
209755
210356
210357
210958
210959
359545
358945
358345
357745
357145
356544
355944
355344
354744
354144
353543
352943
352343
351743
351142
350542
349942
349342
348742
348141
347541
346941
346341
345740
345140
344540
346034
346035
346036
345437
345438
345439
345440
345441
344842
344843
344844
344845
344846
344247
344248
344249
344250
344251
343652
343653
343654
343655
343656
343057
343058
343059
343060
343061
342462
342463
342464
342465
342466
341867
341868
341869
341870
341871
341272
341273
341274
341275
341276
340677
340678
340679
340680
340681
340082
340083
340084
340085
340086
339487
339488
339489
339490
339491
338892
338893
338894
338895
338896
338297
338298
338299
338300
338301
337702
337703
337704
337705
337706
337107
337108
337109
337110
337111
336512
336513
336514
336515
336516
335917
335918
335919
335920
335921
335322
335323
335324
335325
335326
334727
334728
334729
334730
334731
334132
334133
334134
334135
334136
333537
333538
333539
333540
333541
332942
332943
332944
332945
332946
332347
332348
332349
332350
332351
331752
331753
331754
331755
331756
331757
331158
331159
331160
331161
331162
330563
330564
330565
330566
330567
329968
329969
329970
329971
329972
329373
329374
329375
329376
329377
328778
328779
328780
328781
328782
328183
328184
328185
328186
328187
327588
327589
327590
327591
327592
326993
326994
326995
326996
326997
326398
326399
120747
120147
119548
219294
219295
218696
218697
218098
218099
218100
217501
217502
217503
216904
216905
216306
216307
216308
215709
215710
215711
215112
215113
214514
219294
261923
261924
261925
261326
261327
261328
261329
260730
260731
260732
260733
260134
261923
266698
266699
266700
266101
266102
266103
265504
265505
265506
264907
264908
264909
264310
264311
264312
263713
263714
263715
263116
263117
263118
262519
262520
262521
261922
278038
278039
277440
277441
277442
276843
276844
276845
276846
276247
276248
276249
275650
275651
275652
275053
274457
274458
274459
273265
272666
272667
272668
271472
271473
278038
289413
288814
288215
288216
287617
287018
286420
285821
285222
284623
284624
284025
283426
282229
281630
281031
281032
278637
289413
290010
290011
289412
309203
308603
308003
307402
306802
306202
305602
305001
309203
