55705
55706
55107
55108
55109
55110
54511
54512
54513
53914
53915
53916
53917
53318
53319
53320
52721
52722
52723
52724
52125
52126
52127
51528
51529
51530
51531
50932
50933
50934
50335
50336
50337
50338
49739
49740
49741
49142
49143
49144
49145
48546
48547
48548
47949
47950
47951
47952
47353
47354
47355
46756
46757
46758
46759
46160
46161
46162
45563
45564
45565
45566
44967
44968
44969
44370
44371
44372
44373
43774
43775
43776
43177
43178
43179
43180
42581
42582
42583
41984
41985
41986
41387
41388
41389
41390
40791
40792
40793
40194
40195
40196
40197
39598
39599
320480
320481
320482
319883
319884
319885
319886
319887
319288
319289
319290
319291
319292
318693
318694
318695
318696
318697
318098
318099
318100
318101
318102
317503
317504
317505
317506
317507
316908
316909
316910
316911
316912
316913
316314
316315
316316
316317
316318
315719
315720
315721
315722
315723
315124
315125
315126
315127
315128
314529
314530
314531
314532
314533
313934
313935
313936
313937
313938
313339
313340
313341
313342
313343
312744
312745
312746
312747
312748
312149
312150
312151
312152
312153
311554
311555
311556
311557
311558
310959
310960
310961
310962
310963
310364
310365
310366
310367
310368
310369
309770
309771
309772
309773
309774
309175
309176
309177
309178
309179
308580
308581
308582
308583
308584
307985
307986
307987
307988
307989
307390
307391
307392
307393
307394
306795
306796
306797
306797
306798
306799
306200
306201
306202
306203
306204
305605
305606
305607
305608
305609
305010
305011
305012
305013
305014
304415
304416
304417
304418
304419
303820
303821
303822
303823
303824
303225
303226
303227
303228
303229
302630
302631
302632
302633
302634
302035
302036
302037
302038
302039
301440
301441
301442
301443
301444
301445
300846
300847
300848
300849
300850
300251
300252
300253
300254
300255
299656
299657
299658
299659
299660
299061
299062
299063
299064
299065
298466
298467
298468
298469
298470
297871
297872
297873
297874
297875
297276
297277
297278
297279
297280
296681
296682
296683
296684
296685
296086
296087
296088
296088
296089
296090
295491
295492
295493
295494
295495
294896
294897
294898
294899
294900
294301
294302
294303
294304
294305
293706
293707
293708
293709
293710
293111
293112
293113
293114
293115
292516
292517
292518
292519
292520
291922
291923
291924
291925
291926
291327
291328
291329
291330
291331
290732
290733
290734
290735
290736
290137
290138
290139
290140
290141
289542
289543
289544
289545
289546
288947
288948
288949
288950
288951
288352
288353
288354
288355
288356
287757
287758
287759
287760
287761
287162
287163
287164
287165
287166
286567
286568
286569
286570
286571
285972
285973
285974
285975
285976
285377
285378
285379
285380
285381
284782
284783
284784
284785
284786
284787
284188
284189
284190
284191
284192
283593
283594
283595
283596
283597
282998
282999
283000
283001
283002
282403
282404
282405
282406
282407
281808
281809
281810
281811
281812
281213
281214
281215
281215
281216
281217
280618
280619
280620
280621
280622
280023
280024
280025
280026
280027
279428
279429
279430
279431
278832
278833
278834
278835
278836
278237
278238
278239
278240
278241
277642
277643
277644
277645
277646
277047
277048
277049
277050
277051
276452
276453
276454
276455
276456
275857
275858
275859
275860
275261
275262
275263
275264
275265
274666
274667
274668
274669
274670
274071
274072
274073
274073
274074
274075
273476
273477
273478
273479
273480
272881
272882
272883
272884
272885
272286
272287
272288
272289
272290
271691
271692
271693
271694
271695
271096
271097
271098
271099
271100
271101
270502
270503
270504
270505
270506
269907
269908
269909
269910
269911
269312
269313
269314
269315
269316
268717
268718
268719
268720
268721
268122
268123
268124
268125
268126
267527
267528
267529
267530
267531
266932
266933
266934
266935
266936
266337
266338
266339
266340
266341
265742
265743
265744
265745
265746
265747
265148
265149
265150
265151
265152
264553
264554
264555
264556
264557
263958
263959
263960
263961
263962
263363
263364
263365
263366
263367
262768
262769
262770
262770
262771
262772
262173
262174
262175
262176
262177
262178
261579
261580
261581
261582
261583
261584
260985
260986
260987
260988
260989
260990
260391
260392
260393
260394
260395
260396
259797
259798
259799
94091
94092
93493
93494
93495
93496
92897
92898
92899
92300
92301
92302
91703
91704
91705
91706
91107
91108
91109
90510
90511
90512
89913
89914
89915
89916
89317
89318
89319
88720
88721
88722
88723
88124
88125
88126
87527
87528
87529
86930
86931
86932
86933
86334
86335
86336
85737
85738
85739
85740
85141
85142
85143
84544
84545
84546
83947
83948
83949
83950
83351
83352
83353
82754
82755
82756
82157
82158
82159
82160
81561
81562
81563
80964
80965
80966
80967
80368
80369
80370
79771
79772
79773
79174
79175
79176
79177
78578
78579
78580
77981
77982
77983
77984
77385
77386
77387
76788
76789
76790
76191
76192
76193
76194
75595
75596
75597
74998
74999
124298
123698
123097
122497
121896
121296
120696
120095
119495
118894
118294
117694
117093
116493
115893
115292
114692
114091
113491
112891
112290
111690
111089
110489
109889
109288
108688
108087
107487
106887
106286
105686
105085
104485
103885
103284
102684
102083
101483
100883
100282
99682
99082
98481
97881
97280
96680
96080
95479
94879
94278
93678
93078
92477
91877
91276
90676
90076
89475
88875
88274
87674
87074
86473
85873
85273
84672
84072
83471
82871
82271
81670
81070
80469
79869
79269
78668
78068
77467
76867
76267
75666
75066
74465
73865
73265
72664
72064
71463
70863
70263
69662
69062
68462
67861
67261
66660
66060
65460
64859
64259
63658
63058
62458
61857
61257
60656
60056
59456
58855
58255
57654
57054
56454
55853
55253
54652
54052
53452
52851
52251
51651
51050
50450
49849
49249
48649
48048
47448
46847
46247
45647
45046
44446
43845
43245
42645
42044
41444
40843
40243
39643
39042
38442
37842
37241
36641
36040
35440
34840
34239
33639
33038
32438
31838
31237
30637
30036
29436
28836
28235
27635
27034
26434
25834
25233
24633
24032
23432
22832
22231
21631
21031
20430
19830
19229
18629
18029
17428
16828
16227
15627
15027
14426
13826
13225
12625
12025
11424
10824
10223
9623
9023
8422
7822
7222
6621
6021
5420
4820
4220
3619
3019
2418
1818
1218
617
17
124298
179400
178801
178802
178803
178804
178205
178206
178207
178208
177609
177610
177611
177612
177013
177014
177015
177016
176417
176418
176419
175820
175821
175822
175823
175224
175225
175226
175227
174628
174629
174630
174631
174032
174033
174034
174035
173436
173437
173437
173438
173439
172840
172841
172842
172843
172244
172245
172246
172247
171648
171649
171650
171651
171052
171053
171054
171055
170456
170457
170458
170459
169860
169861
169862
169863
168075
167476
167477
167478
165092
165093
165094
165095
163903
163904
163305
163306
163307
163308
162709
162710
160923
160924
160325
160326
160327
160328
158539
158540
157941
156155
156156
155557
155558
155559
155560
154961
153771
153772
153773
153174
153175
153176
153177
152578
152579
152580
152581
151983
151984
151985
151386
151387
151388
151389
150790
150791
150792
149003
149004
149005
148406
148407
148408
148409
146618
146619
146620
146621
146022
146023
146024
146025
145426
145427
145428
145429
145430
143640
143641
143642
143043
143044
143045
143046
142447
142448
142449
142450
141851
141852
141853
141854
141255
141256
141257
141258
140659
140660
140661
140662
140063
140064
140065
140066
139467
139468
139469
139470
138871
138872
138873
138874
138275
138276
138277
138278
137679
137680
137681
137682
137083
137084
137085
137086
136487
136488
136489
136490
135891
135892
135895
135298
135299
134700
134701
134702
134703
134104
132316
132317
132318
132319
131720
131721
131722
131723
131124
131125
131126
131127
130528
130529
130530
130531
129932
129933
129934
128146
128147
127548
127549
127550
127551
126952
126953
126954
125763
125764
125165
125166
125167
125168
124569
124570
124571
124572
123973
123974
123975
123976
123377
123378
123379
123380
122187
122188
121589
121590
121591
121592
120993
120994
120995
120996
120400
119803
119804
119205
119206
119207
119208
118609
117419
117420
117421
116822
116823
116824
116825
115037
114438
114439
114440
114441
112055
112056
112057
111458
111459
111460
111461
110862
110863
110864
110865
110266
110267
110268
110269
109670
109671
109672
109673
109074
109075
109076
109077
108478
108479
108480
108481
107882
107883
107884
359491
358891
358291
357691
357091
356490
355890
355290
354690
354090
353490
352889
352289
351689
351089
350489
349889
349288
348688
348088
347488
346888
346287
345687
345087
344487
343887
343287
342686
342086
341486
340886
340286
339686
339085
338485
337885
337285
336685
336085
335484
334884
334284
333684
333084
332483
331883
331283
330683
330083
328882
328282
327682
327082
326482
325882
325281
324681
324081
323481
322881
322281
321680
321080
320480
320480
319880
319280
318679
318079
317479
316879
316279
315078
314478
313878
313278
312678
312078
311477
310877
310277
309677
309077
308476
307876
307276
306676
306076
305476
304875
304275
303675
303075
302475
301875
301274
300674
300074
299474
298874
298274
297673
297073
296473
295873
295273
294672
294072
293472
292872
292272
291672
291071
290471
289871
289271
288671
288071
287470
286870
286270
285670
285070
284469
283869
283269
282669
282069
281469
280868
280268
279668
279068
278468
277868
277267
276667
276067
275467
274867
274266
273666
273066
272466
271866
271266
270665
270065
269465
268865
268265
267665
267064
266464
265864
265264
264664
264064
263463
262863
262263
261663
261063
260462
259862
259262
258662
258062
257462
256861
256261
255661
255061
254461
253861
253260
252660
252060
251460
250860
250259
249659
249059
248459
247859
247259
246658
246058
245458
244858
244258
243658
243057
242457
241857
241257
240657
240056
239456
238856
238256
237656
237056
236455
235855
235255
234655
234055
233455
232854
232254
231654
231054
230454
229853
229253
228653
228053
227453
226853
226252
225652
225052
224452
223852
223252
222651
222051
221451
220851
220251
219651
219050
218450
217850
217250
216650
216049
215449
214849
214249
213649
213049
212448
211848
211248
210648
210048
209448
208847
208247
207647
207047
206447
205846
205246
204646
204046
203446
202846
202245
201645
201045
200445
199845
199245
198644
198044
197444
196844
196244
195643
195043
194443
193843
193243
192643
192042
191442
190842
190242
189642
189042
188441
187841
187241
186641
186041
185441
184840
184240
183640
183040
182440
181839
181239
180639
180039
179439
178839
178238
177638
177038
176438
175838
175238
174637
174037
173437
173437
172837
172237
171636
171036
170436
169836
169235
168635
168035
167435
166834
166234
165634
165034
164433
163833
163233
162633
162032
161432
160832
160232
159631
159031
158431
157831
157230
156630
156030
156030
155430
154830
154229
153629
153029
152429
151828
151228
150628
150028
149428
148827
148227
147627
147027
146426
145826
145226
144025
143425
142825
142225
141625
141024
140424
139824
139224
138623
138023
137423
359784
359184
358585
357985
357385
356785
356186
355586
354986
354386
353787
353187
352587
351987
351387
350788
350188
349588
348988
348389
347789
347189
346589
345990
345390
344790
344190
343590
342991
342391
341791
341191
340592
339992
339392
338792
338193
337593
336993
336993
336393
335793
335194
334594
333994
333394
332795
332195
331595
330995
330396
329796
329196
328596
327997
327397
326797
326197
325597
324998
324398
323798
323198
322599
321999
321399
320799
320200
319600
319000
318400
317801
317201
316601
316001
315402
314802
314202
313602
313002
312403
311803
311203
310603
310004
309404
308804
308204
307605
307005
306405
305805
305206
304606
304006
303406
302806
302207
301607
301007
300407
299808
299208
298608
298008
297409
296809
296209
295609
295010
294410
293810
293210
292611
292011
291411
290811
290211
289612
289012
288412
287812
287213
286613
286013
285413
284814
284214
283614
283014
282415
281815
281215
281215
280615
280015
279416
278816
278216
277616
277017
276417
275817
275217
274618
274018
273418
272818
272219
271619
271019
270419
269819
269220
268620
268020
267420
266821
266221
265621
265021
264422
263822
263222
262622
262023
261423
260823
260223
259623
259024
258424
257824
257224
256625
256025
255425
254825
254226
253626
253026
252426
251827
251227
250627
250027
249427
248828
248228
247628
247028
246429
245829
245229
244629
244030
243430
242830
242230
241631
241031
240431
239831
239231
238632
238032
237432
236832
236233
235633
235033
234433
233834
233234
232634
232034
231435
230835
230235
229635
229035
228436
227836
227236
226636
226037
225437
224837
224237
223638
223038
222438
221838
221239
220639
220039
220039
219439
218839
218240
217640
217040
216440
215841
215241
214641
214041
213442
212842
212242
211642
211043
210443
209843
209243
208644
208044
207444
206844
206245
205645
205045
204445
203845
203246
202646
202046
201446
200847
200247
199647
199047
198448
197848
197248
196648
196049
195449
194849
194249
193650
193050
192450
191850
191251
190651
190051
189451
188852
188252
187652
187052
186452
185853
185253
184653
184053
183454
182854
182254
181654
181055
180455
179855
179255
178656
178056
177456
176856
176257
175657
175057
174457
173858
173258
172658
172058
171458
170859
170259
169659
169059
168460
167860
167260
166660
166061
165461
164861
164261
163662
163062
162462
161862
161263
160663
160063
159463
158864
158264
157664
157064
156465
155865
155265
154665
154065
153466
152866
152266
151666
151067
150467
149867
149267
148668
148068
147468
146868
146269
145669
145069
144469
143870
143270
142670
142070
141471
140871
140271
139671
139071
138472
137872
137272
136672
136073
135473
134873
134273
133674
133074
132474
131874
131275
130675
130075
129475
128876
128276
127676
127076
126477
125877
125277
124677
124078
123478
122878
122278
121678
121079
120479
119879
119279
118680
118080
117480
116880
116281
115681
115081
114481
113882
113282
112682
112082
111483
110883
110283
109683
109084
108484
107884
107884
107284
106685
106085
105485
104886
104286
103686
103086
102487
101887
101287
100688
100088
99488
98889
98289
97689
97089
96490
95890
95290
94691
94091
66548
66549
65950
65951
65952
65953
65354
65355
65356
64757
64758
64759
64760
64161
64162
64163
63564
63565
63566
63567
62968
62969
62970
62371
62372
62373
62374
61775
61776
61777
61179
61180
60583
60584
59987
59390
59391
58794
66548
79715
79116
79117
78518
77919
77920
77321
76722
76723
76124
75525
75526
74927
74328
74329
73730
73131
73132
72533
71934
71935
71336
70737
70738
70139
69540
69541
68942
68343
68344
67745
67146
67147
79715
82694
82695
82696
82097
82098
82099
82100
81501
81502
81503
81504
80905
80906
80907
80908
80309
80310
80311
80312
79713
79714
82694
88056
88057
88058
87459
87460
87461
87462
86863
86864
86865
86866
86267
86268
86269
86270
85671
85672
85673
85674
85675
85076
85077
85078
85079
84480
84481
84482
84483
83884
83885
83886
83887
83288
83289
83290
83291
82692
82693
88056
156030
156031
155432
155433
155434
155435
154836
154837
154838
154839
154240
154241
154242
154243
153644
153645
153646
153047
153048
153049
153050
152451
152452
152453
152454
151855
151856
151857
151858
151259
151260
151261
150662
150663
150664
150665
150066
150067
150068
150069
149470
149471
149472
148873
148874
148875
148876
148277
148278
148279
148280
147681
147682
147683
147684
147085
147086
147087
146488
146489
146490
146491
145892
145893
145894
145895
145296
145297
145298
145299
144700
144701
144702
144103
144104
144105
144106
143507
143508
143509
143510
142911
142912
142913
142914
142315
142316
142317
141718
141719
141720
141721
141122
141123
141124
141125
140526
140527
140528
140529
139930
139931
139932
139333
139334
139335
139336
138737
138738
138739
138740
138141
138142
138143
137544
137545
137546
137547
136948
136949
136950
136951
136352
136353
136354
136355
135756
135757
135758
135159
135160
135161
135162
134563
134564
134565
134566
133967
133968
133969
133970
133371
133372
133373
132774
132775
132776
132777
132178
132179
132180
132181
131582
131583
131584
131585
130986
130987
130988
130389
130390
130391
130392
129793
129794
129795
129796
129197
129198
129199
129200
128601
128602
128603
128004
128005
128006
128007
127408
127409
127410
127411
126812
126813
126814
126215
126216
126217
126218
125619
125620
125621
125622
125023
125024
125025
125026
124427
124428
124429
123830
123831
123832
123833
123234
123235
123236
123237
122638
122639
122640
122641
122042
122043
122044
121445
121446
121447
121448
120849
120850
120851
120852
120253
120254
120255
120256
119657
119658
119659
119060
119061
119062
119063
118464
118465
118466
118467
117868
117869
117870
117871
117272
117273
117274
116675
116676
116677
116678
116079
116080
116081
116082
115483
115484
115485
114886
114887
114888
114889
114290
114291
114292
114293
113694
113695
113696
113697
113098
113099
113100
112501
112502
112503
112504
111905
111906
111907
111908
111309
111310
111311
111312
110713
110714
110715
110116
110117
110118
110119
109520
109521
109522
109523
108924
108925
108926
108927
108328
108329
108330
107731
107732
107733
107734
107135
107136
107137
107138
102368
101769
101770
101771
101172
101173
101174
101175
100576
100577
100578
100579
99980
99981
99982
99983
99384
99385
99386
98787
98788
98789
98790
98191
98192
98193
98194
97595
97596
97597
97598
96999
97000
97001
96402
96403
96404
96405
95806
95807
95808
95809
95210
95211
95212
95213
94614
94615
94616
94017
94018
94019
94020
93421
93422
93423
93424
92825
92826
92827
92228
92229
92230
92231
91632
91633
91634
91635
91036
91037
91038
91039
90440
90441
90442
89843
89844
89845
89846
89247
89248
89249
89250
88651
88652
88653
88654
88055
156030
160800
160801
160202
160203
160204
160205
159606
159607
159608
159009
159010
159011
159012
158413
158414
158415
158416
157817
157818
157819
157820
157221
157222
157223
157224
156625
156626
156627
156628
156029
94091
93491
92891
92291
91692
91092
90492
89892
89292
88692
88093
87493
86893
86293
85693
85093
84494
83894
83294
82694
82694
82094
81495
80895
80295
73098
72498
71898
71299
70699
70099
69499
68900
68300
67700
67100
66501
65901
65301
64701
64102
63502
62902
62302
61703
61103
60503
59903
59304
58704
58104
57504
56905
56305
55705
74897
74298
73698
73098
141000
141001
141002
140403
140404
140405
140406
139807
139808
139809
139810
139211
139212
139213
138614
138615
138616
138617
138018
138019
138020
138021
137422
137423
137423
137424
136825
136826
136827
136828
136229
136230
136231
135632
135633
135634
135035
135036
135037
135038
134439
134440
134441
133842
133843
133844
133845
133246
133247
133248
132649
132650
132651
132052
132053
132054
132055
131456
131457
131458
130859
130860
130861
130862
130263
130264
130265
129666
129667
129668
129669
129070
129071
129072
128473
128474
128475
127876
127877
127878
127879
127280
127281
127282
126683
126684
126685
126686
126087
126088
126089
125490
125491
125492
124893
124894
124895
124896
124297
124298
124298
124299
123700
123701
123702
123703
123104
123105
123106
123107
122508
122509
122510
121911
121912
121913
121914
121315
121316
121317
121318
120719
120720
120721
120722
120123
120124
120125
119526
119527
119528
119529
118930
118931
118932
118933
118334
118335
118336
117737
117738
117739
117740
117141
117142
117143
117144
116545
116546
116547
116548
115949
115950
115951
115352
115353
115354
115355
114756
114757
114758
114759
114160
114161
114161
114162
113563
113564
113565
113566
112967
112968
112969
112370
112371
112372
112373
111774
111775
111776
111177
111178
111179
111180
110581
110582
110583
109984
109985
109986
109987
109388
109389
109390
108791
108792
108793
108794
108195
108196
108197
107598
107599
107600
107601
107002
107003
107004
106405
106406
106407
106408
105809
105810
105811
105212
105213
105214
105215
104616
104617
104618
104019
104020
104021
104022
103423
103424
103425
102826
102827
102828
102829
102230
102231
102232
101633
101634
101635
101036
101037
101038
101039
100440
100441
100442
99843
99844
99845
99846
99247
99248
99249
98650
98651
98652
98653
98054
98055
98056
97457
97458
97459
97460
96861
96862
96863
96264
96265
96266
96267
95668
95669
95670
95071
95072
95073
95074
94475
94476
94477
93878
93879
93880
93881
93282
93283
93284
92685
92686
92687
92688
92089
92090
92091
91492
91493
91494
91495
90896
90897
90898
90299
90300
90301
90302
89703
89704
89704
89705
89106
89107
89108
89109
88510
88511
88512
87913
87914
87915
87916
87317
87318
87319
86720
86721
86722
86723
86124
86125
86126
85527
85528
85529
85530
84931
84932
84933
84334
84335
84336
84337
83738
83739
83740
83741
83142
83143
83144
82545
82546
82547
82548
81949
81950
81352
80756
80757
80758
80159
80160
80161
80162
79563
79564
79565
78966
78967
78968
78969
78370
78371
78372
77773
77774
77775
77776
77177
77178
77179
76580
76581
76582
76583
75984
75985
75986
75387
75388
75389
75390
74791
74792
74793
74194
74195
74196
74197
73598
73599
73600
73001
73002
73003
73004
72405
72406
72407
72408
71809
71810
71811
71212
71213
71214
71215
70616
70617
70618
70019
70020
70021
70022
69423
69424
69425
68826
68827
68828
68829
68230
68231
68232
67633
67634
67635
67636
67037
67038
67039
66440
66441
66442
66443
65844
65845
65846
65247
65248
65249
65250
64651
64652
64653
64054
64055
64056
64057
63458
63459
63460
62861
62862
62863
62864
62265
62266
62267
61668
61669
61670
61671
61072
61073
61074
61075
60476
60477
60478
59879
59880
59881
59882
59283
59284
59285
58686
58687
58688
58689
58090
58091
58092
57493
57494
57495
57496
56897
56898
56899
56300
56301
56302
56303
55704
55705
274073
273473
272873
272274
271674
271074
270474
269875
269275
268675
268075
267476
266876
266276
265676
265076
264477
263877
263277
262677
262078
261478
260878
260278
259679
259079
258479
257879
257279
256680
256080
255480
254880
254281
253681
253081
252481
251882
251282
250682
250082
249483
248883
248283
247683
247083
246484
245884
245284
244684
244085
243485
242885
242285
241686
241086
240486
239886
239286
238687
238087
237487
236887
236288
235688
235088
234488
233889
233289
232689
232689
232690
232691
233292
233293
233294
233295
233296
233297
233898
233899
233900
233901
262770
262170
261570
260970
260371
259771
259171
258571
257971
257371
256772
256172
255572
254972
254372
253772
253173
252573
251973
251373
249574
248974
248374
247774
247174
246574
245975
245375
244775
244175
243575
242975
242376
241776
241176
240576
239976
239376
238777
238177
237577
236977
236377
235777
235178
234578
233978
233378
232778
232178
231579
230979
230379
229779
229179
228579
227980
227380
226780
226180
330000
329401
329402
329403
329404
329405
328806
328807
328808
328809
328810
328811
328212
328213
328214
328215
328216
327617
327618
327619
327620
327621
327022
327023
327024
327025
327026
326427
326428
326429
326430
326431
325832
325833
325834
325835
325836
325237
325238
325239
325240
325241
324642
324643
324644
324645
324646
324047
324048
324049
324050
324051
323452
323453
323454
323455
323456
323457
322858
322859
322860
322861
322862
322263
322264
322265
322266
322267
321668
321669
321670
321671
321672
321073
321074
321075
321076
321077
320478
320479
320480
283389
282789
306797
306197
305597
304996
304396
303796
303196
302595
301995
301395
300795
300195
299594
298994
298394
297794
282789
282189
281589
280988
280388
279788
279188
278588
277988
277387
276787
276187
276187
275586
274985
274385
273784
273183
272582
271981
263079
262478
261878
261277
260677
260076
259475
258875
258274
258274
257674
257074
256474
255873
255273
254673
254073
253473
252873
252272
251672
251072
250472
249872
249272
248672
248071
247471
246871
246271
245671
242070
263671
263672
263673
263674
263675
263076
263077
263078
263079
263671
263071
262471
261870
261270
260670
260070
259470
258869
258269
257669
257069
256469
255869
255268
254668
254068
253468
252868
252267
251667
263671
196460
195860
195260
194659
194059
193459
192859
192259
191659
191058
196460
196458
196459
251067
250467
249867
249266
248666
248066
247466
246866
246266
245665
245065
244465
243865
243265
242664
242064
199452
198851
251067
216365
216366
216367
215768
215769
215770
215771
215772
215773
215174
215175
215176
215177
215178
214579
214580
214581
214582
214583
213984
213985
213986
213987
213988
213989
213390
216365
219355
219356
218757
218758
218159
218160
217561
217562
216964
219355
224705
224706
224707
224108
224109
224110
224111
224112
224113
223514
223515
223516
223517
223518
222919
222920
222921
222922
222923
222924
222325
222326
222327
222328
222329
222330
221731
221732
221733
221734
221735
221136
221137
221138
221139
221140
221141
220542
220543
220544
220545
220546
219947
219948
219949
219950
219951
219952
219353
219354
224705
248712
248112
247512
246911
246311
245711
245111
244511
243911
243310
242710
242110
241510
240910
240310
239709
239109
238509
237909
237309
236709
236108
235508
234908
234308
233708
233107
232507
231907
231307
230707
230107
229506
228906
228306
227706
227106
226506
225905
225305
248712
249303
249304
249305
249306
249307
248708
248709
248710
248711
249303
259506
258906
258306
257705
257105
256505
255905
255305
254705
254104
253504
252904
252304
251704
251104
250503
249903
259506
260699
260700
260101
260102
260103
260104
259505
260699
273281
272681
296088
295488
294888
294287
293687
293087
292487
291887
291287
290686
290086
289486
288886
288286
272681
272081
271481
270881
270281
269680
269080
268480
267880
267280
266680
266080
265480
264879
264279
263679
263079
263079
263080
263081
262482
262483
262484
262485
262486
261887
261888
261889
261890
261891
261292
261293
261294
261295
261296
260697
260698
260699
55705
55105
54505
53906
53306
52706
52106
51506
50907
50307
49707
49107
48507
47908
47308
46708
46108
45508
44908
44309
43709
43109
42509
41909
41310
40710
40110
39510
38910
38311
37711
37111
36511
35911
35312
34712
34112
33512
32912
32313
31713
31113
30513
29913
29314
28714
28114
27514
26914
26315
25715
25115
24515
23915
23315
22716
22116
21516
20916
20316
19717
19117
18517
17917
17317
16718
16118
15518
14918
14318
13719
13119
12519
11919
11319
10120
9520
8920
7721
7121
6521
5921
5321
4722
4122
3522
2922
1123
523
55705
341699
341099
340499
339899
339299
333970
333971
334572
334573
334574
334575
334576
335177
335178
335179
335180
335181
335782
335783
335784
335785
336386
336387
336388
336389
336390
336991
336992
338129
336334
335735
335136
335137
334538
333939
333940
333341
332742
332743
332144
338129
341699
341700
341701
341102
341103
341104
341105
341106
340507
340508
340509
340510
340511
339912
339913
339914
339915
339916
339317
339318
339319
339320
339321
338722
338723
338724
338725
338726
338127
338128
341699
344695
344096
343497
342897
342298
216416
216417
217018
218226
218227
218228
218229
218830
218831
218832
218833
219434
219435
219436
219437
220038
