359823
359223
358623
358023
357423
356823
356223
355623
355023
354423
353823
353223
352623
352023
351423
350823
350223
349623
349022
348422
347822
347222
346622
346022
345422
344822
344222
343622
343022
342422
341822
341222
340622
340022
339422
338822
338222
337622
337022
336422
335822
335222
334622
334022
333422
332822
332222
331622
331022
330421
329821
329221
328621
328021
327421
326821
326221
325621
325021
324421
323821
323221
322621
322021
321421
320821
320221
319621
319021
318421
317821
317221
316621
316021
315421
314821
314221
313621
313021
312421
311820
311220
310620
310020
309420
308820
308220
307620
307020
306420
305820
305220
304620
304020
303420
302820
302220
301620
301020
300420
299820
299220
298620
298020
297420
296820
296220
295620
295020
294420
293820
293219
292619
291419
290819
290219
289619
289019
288419
287819
287219
286619
286019
285419
284819
284219
283619
283019
282419
281819
281219
280619
280019
279419
278819
278219
277619
277019
276419
275819
275218
274618
274018
273418
272818
272218
271618
271018
270418
269818
269218
268618
268018
267418
266818
266218
265618
265018
264418
263818
263218
262618
262018
261418
260818
260218
259618
259018
258418
257818
257218
256617
256017
255417
254817
254217
253617
253017
252417
251817
251217
250617
250017
249417
248817
248217
55077
55078
55079
54480
54481
54482
54483
53884
53885
52695
51506
49716
49717
47335
47336
55077
57458
56266
56267
56268
56269
56270
55671
55672
55673
55674
55075
55076
64009
64010
64011
63412
63413
63414
63415
62816
62817
62818
62819
62820
62221
62222
62223
62224
61625
61626
61627
59247
64009
64009
63408
62808
62207
61607
61006
60405
59805
59204
59204
58604
58004
57404
56804
56204
55604
55004
54403
53803
53203
52603
52003
51403
50803
50203
50203
49603
49003
48403
47803
47203
46603
46003
45403
44803
44203
43603
43003
42403
41803
41203
40603
40603
40003
39403
38803
38203
37603
37003
36403
35803
35203
34603
34003
33403
32803
32203
31602
31002
30402
29802
29202
28602
28002
27402
26802
26202
25602
25002
24402
23802
23202
22602
22002
21402
20802
20202
19602
19002
18402
17802
17202
16602
16002
15402
14802
14201
13601
13001
12401
11801
11201
10601
10001
9401
8801
8201
7601
7001
6401
5801
5801
5201
4601
4001
3401
2801
2201
1601
1000
400
237535
237536
237537
235773
235774
235775
237535
240456
240457
240458
240459
240460
239289
239290
239291
238127
237528
237529
237530
237531
237532
237533
237534
240456
247617
247618
247019
247020
247021
246422
246423
246424
246425
245826
245827
245828
245229
245230
245231
244632
244633
244634
244035
244036
244037
244038
243439
243440
243441
242842
242843
242844
242245
242246
242247
241648
241649
241650
241651
241052
241053
241054
240455
247617
247617
247618
247619
248220
248221
248222
248223
248824
248825
248826
248827
248828
249429
249430
249431
249432
250033
250034
250035
250036
250037
250638
250639
250640
250641
251242
251243
251244
251245
251846
251847
251848
251849
251850
252451
252452
252453
252454
253055
253056
253057
253057
253058
253059
253060
253061
253062
253063
253064
253065
253066
253067
253068
253069
253070
253071
253072
253073
253079
253080
253081
253082
253083
253084
253085
253086
253087
253088
253089
253090
253091
253092
253093
253094
253095
253096
253097
252498
252499
252500
252501
252502
252503
252556
252557
251985
251989
251990
251993
251994
251995
251996
251997
251998
251999
12599
11999
11399
11399
10799
8998
1796
38930
38330
37729
37129
36528
35928
35328
34727
34127
33526
32926
32326
31725
31125
30524
29924
29323
28723
28123
27522
26922
26321
25721
25721
25121
24520
23920
23320
22719
22119
21519
20918
20318
19718
19117
18517
17916
17316
16716
16115
15515
14915
14314
13714
13714
13113
12513
11912
11311
10710
10110
9509
8908
8308
7707
7106
6505
5905
5304
4703
4102
2901
2300
13714
13115
1728
1129
529
13714
251111
250511
249911
249311
248711
248111
247510
246910
246310
245710
245110
244510
243910
243310
242710
242110
241509
240909
240309
239709
239109
238509
237909
237309
236709
236109
235509
234908
234308
233708
233108
232508
231908
231308
230708
230108
229508
228908
228307
227707
227107
226507
225907
225307
224707
224107
223507
222907
222306
221706
221106
220506
219906
219306
218706
218106
217506
216906
216306
215705
215105
214505
213905
213305
212705
212105
211505
210905
210305
209705
209104
208504
207904
207304
206704
206104
205504
204904
204304
203704
203103
202503
201903
201303
200703
200103
199503
198903
198303
197703
197103
196502
186901
186301
185701
185101
184501
183900
183300
182700
182100
181500
180900
180300
179700
179100
178500
177900
177299
176699
176099
175499
174899
174299
173699
173099
172499
171899
171298
170698
170098
169498
168898
168298
167698
167098
166498
165898
165298
164697
164097
163497
162897
162297
161697
161097
160497
159897
159297
158697
158096
157496
156896
156296
155696
155096
154496
153896
153296
152696
152095
151495
150895
150295
149695
149095
148495
147895
147295
146695
146095
145494
144894
144294
143694
143094
142494
141894
141294
140694
140094
139494
138893
138293
137693
137093
136493
135893
135293
134693
134093
133493
132892
129292
128692
128092
127492
126892
126291
125691
125091
124491
123891
123291
122691
122091
121491
120891
120291
119690
119090
118490
117890
117290
116690
116090
115490
114890
114290
113689
113089
112489
111889
111289
110689
110089
109489
108889
108289
107689
107088
106488
105888
105288
104688
104088
103488
102888
102288
101688
101088
100487
99887
99287
98687
98087
97487
96887
96287
95687
95087
94486
93886
93286
92686
92086
91486
90886
90286
89686
89086
88486
87885
87285
86685
86085
85485
84885
84285
83685
83085
82485
81884
81284
80684
80084
79484
78884
78284
77684
77084
76484
75884
75283
74683
74083
73483
72883
72283
71683
71083
70483
69883
69283
68682
68082
67482
66882
66282
65682
65082
64482
63882
63282
62681
62081
61481
60881
60281
59681
59081
58481
57881
57281
56681
56080
55480
54880
54280
53680
53080
52480
51880
51280
50680
50080
49479
48879
48279
47679
47079
46479
45879
45279
44679
44079
43478
42878
42278
41678
41078
40478
39878
39278
38678
38078
37478
36877
36277
35677
35077
34477
33877
33277
32677
32077
31477
30877
30276
29676
29076
28476
27876
27276
26676
26076
25476
24876
24275
23675
23075
22475
21875
21275
20675
20075
19475
18875
18275
17674
17074
16474
15874
15274
14674
14074
13474
12874
12274
11673
11073
10473
9873
9273
8673
8073
7473
6873
6273
5673
5072
4472
3872
3272
2672
2072
1472
872
272
251111
35950
29999
35950
38930
38931
36548
35949
38930
39525
39526
39527
38928
38929
52631
52632
52633
52037
52631
52025
52026
52027
52028
52629
52630
52025
77186
76587
75988
75389
75389
74789
74188
73588
72987
72387
71786
71186
70585
70585
69985
69385
68785
68185
67585
66985
66385
65785
65185
64585
63985
63385
62785
62185
61585
60985
57984
57384
56784
56184
55584
54984
54384
53784
53184
52584
51984
51384
51384
50784
36983
36383
35783
35183
34583
33983
33383
32783
32183
31583
30983
30383
29783
29183
23182
22582
21982
21382
20782
20182
19582
18982
18382
17782
17182
16582
15982
15382
14782
14182
6981
6381
6381
5781
5181
4581
3981
3381
2781
2181
1581
981
381
337800
338401
338402
338403
338404
339005
339006
339007
339008
339009
339610
339611
339612
339613
340214
340215
340216
340217
340818
340819
340820
340821
340822
341423
341424
341425
341426
344445
344446
344447
344448
345049
345050
345051
345052
345653
345654
345655
345656
346257
346258
346259
346260
346261
346862
346863
346864
346865
347466
347467
347468
347469
349885
349886
349887
350488
350489
350490
350491
351092
351093
351094
351095
351696
351697
351698
351699
351700
352301
352302
352303
352304
352905
354113
354114
354115
354116
354117
354718
354719
354720
354721
355322
355323
355324
355325
355926
355927
355928
355929
355930
356531
356532
356533
356534
357135
357136
357137
357138
357739
357740
357741
304200
304201
303602
303603
303604
303005
303006
303007
302408
302409
302410
302411
301812
301813
301814
301215
301216
301217
301218
300619
300620
300621
300022
297635
297636
297637
297638
297039
297040
297041
296442
296443
296444
296445
295846
295847
295848
295249
295250
295251
294652
294653
294654
294655
294056
294057
294058
293459
293460
293461
293462
292863
292864
292865
292266
292267
292268
291669
291670
291671
291672
291073
291074
291074
291075
290476
290477
290478
290479
289880
289881
289882
289283
289284
289285
289286
288687
288688
288689
288090
288091
288092
287493
287494
287495
287496
286897
286898
286899
286300
286301
286302
286303
285704
285705
285706
283319
283320
282721
282722
282723
282124
282125
282126
282127
281528
281529
281530
280931
280932
280933
280934
280335
280336
280337
279738
279739
279740
279141
279142
279143
279144
278545
278546
278547
277948
277949
277950
277951
277352
277353
277354
276755
276756
276757
276758
276159
276160
276161
275562
275563
275564
275565
272580
272581
272582
271983
271984
271985
271386
271387
271388
271389
270790
270791
270792
270193
270194
270195
269596
269597
269598
269599
269000
269001
269002
268403
268404
268405
268406
267807
267808
267809
267210
267211
267212
267213
266614
266615
266616
266017
266018
266019
265420
265421
265422
265423
264824
264825
264826
261244
261245
261246
261247
260648
260649
260650
260051
260052
260054
259455
259456
259456
259457
258858
258859
258860
258861
258262
258263
258264
258265
257666
257667
257668
257669
257070
257071
257072
257073
256474
256475
256476
256477
255878
255879
255880
255881
255282
255283
255284
255285
254686
254688
254689
254090
254091
254092
254093
253494
253495
253497
252898
252899
252900
252901
252302
252303
252304
252305
251706
251707
251708
251709
251110
251111
251111
251112
251113
251114
251115
251116
251117
251118
251119
250520
250521
250522
250523
250524
250525
250526
250527
250528
250529
250530
250531
250532
250533
250534
250535
250536
250537
249938
249939
249940
249941
249942
249943
249944
249945
249946
249947
249948
249949
249950
249951
249952
249953
249954
249955
249356
249357
249358
249359
249360
249361
249362
249363
249364
249365
249366
249367
249368
249369
249370
249371
249372
248773
248774
248775
248776
248777
248778
248779
248780
248781
248782
248783
248784
248785
248786
248787
248788
248789
248790
248191
248192
248193
248194
248195
248196
248197
248198
248199
248200
248201
248202
248204
248205
248206
248207
248208
247609
247610
247611
247612
247613
247614
247615
247616
247617
80838
80238
79638
79037
78437
77837
77237
76637
76037
75436
74836
74236
73636
73036
80838
106650
106050
105450
104850
104249
103649
101248
100648
100047
99447
98847
98246
97646
94044
93444
92844
92243
87441
86841
85640
85040
84440
83839
83239
82639
82039
81438
128857
128257
127657
127056
126456
125856
125256
124656
124056
123455
122855
122255
121655
121055
120455
119854
119254
118654
118054
117454
116854
116253
115653
115053
114453
113853
113253
112652
112052
111452
110852
110252
109652
128857
153456
152856
152256
151656
151056
150456
149856
149256
148656
148056
147456
146856
146256
145656
145056
144456
143856
143256
142656
142056
141456
140857
140257
139657
139057
138457
137857
137257
136657
136057
135457
134857
134257
133657
133057
132457
131857
131257
130657
130057
129457
153456
182848
182248
181648
181048
180449
179849
179249
178649
178049
172651
172051
171451
170851
170251
169652
169052
168452
167852
167252
166652
166053
165453
164853
164253
163653
162454
161854
161254
160654
160054
159454
158855
158255
157655
157055
156455
155855
155256
154656
154056
182848
183448
226056
225456
224856
223656
240456
239856
239256
238656
238056
237456
236856
236256
235656
235056
234456
233856
231456
230856
230256
229656
240456
11399
64681
63490
54557
54558
70039
70040
68849
68850
67659
65869
65870
75997
75998
75999
75400
75401
75402
75403
74804
74805
74806
74807
74208
74209
74210
74211
73612
73613
73614
73615
71229
71230
75997
75389
75389
82588
81988
81387
80787
80187
79586
78986
82588
83788
83188
87974
87975
87974
237535
236935
236335
235735
235135
234535
233935
233335
232735
232134
231534
230934
230334
229734
229134
228534
227934
227334
227334
226734
226134
225534
224934
224334
223734
223134
222534
221934
221334
220734
220134
219534
218934
218334
217734
217134
216534
215934
215334
214734
214134
213534
212934
212334
211734
211134
210534
209934
209334
208734
208134
207534
206934
206334
205734
205134
204534
203934
203934
203335
203336
202737
202138
201539
201540
200941
200342
199743
175754
175155
174556
173957
173358
172759
172160
52025
51424
50824
50223
49623
49022
48422
47821
47821
47221
46621
46021
45421
44821
44221
43621
43021
42421
41821
41221
40621
40021
39421
39421
38821
38221
37621
37021
36421
35821
35221
34620
34020
33420
32820
32220
31620
31020
30420
29820
29220
28620
28020
27420
26820
26220
25619
25019
24419
23819
23219
22619
22019
21419
20819
20219
19619
19019
18419
17819
17219
16619
16018
15418
14818
14218
13618
13018
12418
11818
11218
10618
10018
9418
8818
8218
7618
7017
6417
5817
5217
4617
4017
3417
2817
2217
1617
1017
417
64009
63410
62811
62211
61612
61013
60414
59815
59215
58616
58017
55620
55021
54422
53823
53223
52624
64009
75389
71196
70597
69998
69999
69400
68801
68202
67603
67004
66405
65806
65207
64608
75389
40603
40604
40605
40606
40607
40008
40009
40010
40011
40016
39417
39418
39419
39420
40603
54453
53853
61679
61079
60479
59879
59278
58678
58078
57478
56878
56277
55677
55077
51384
51385
51386
51387
51388
50789
50790
50791
50792
50793
50794
50795
50796
50797
50798
50199
50200
50201
50202
51384
6381
6382
6383
6384
6385
6391
5792
5793
5794
5795
5796
5797
5798
5799
5800
5801
35950
35350
216039
215439
214839
214239
213639
213039
212439
211838
211238
210638
210038
209438
208838
208238
205830
205831
206432
206433
207034
207035
207636
207637
205830
202821
203422
203423
204024
204025
204626
204627
205228
205229
202821
202811
202812
202813
202814
202815
202816
202817
202818
202819
202820
202811
203406
203407
203408
202809
202810
203406
203406
202806
202205
201605
201005
200405
199804
199204
198604
198004
197403
196803
196203
195602
195002
194402
216639
216039
259860
259260
258659
258059
257459
256859
256258
255658
255058
254458
253857
253257
252657
252057
251456
250856
250256
249656
249055
248455
247855
247255
246654
246054
245454
244853
244253
243653
243053
242452
241852
241252
240652
240051
239451
238851
238251
237650
237050
236450
235850
261061
260460
259860
291074
290474
289874
289273
288673
288073
287473
286872
286272
285672
285072
284472
283871
283271
282671
282071
281470
280870
280270
279670
279069
208238
207638
207039
206439
205839
205240
204640
204640
204040
203441
202841
202242
201642
201043
200443
199844
199244
199244
198644
198044
197443
196843
196243
195643
195043
194442
193842
193242
192642
192042
191441
190841
190241
189641
189041
188440
187840
187240
186640
186040
185439
184839
184239
183639
183039
181838
181238
180638
180038
166833
166233
165633
163832
163232
162632
160831
160231
157830
157230
156630
154229
153629
153029
152429
151829
151228
150628
149428
148828
148227
147627
147027
146427
144026
143426
142826
142225
141625
141025
141025
140425
139825
139225
138625
138025
137425
136825
136225
135625
135025
134425
133825
133225
132625
132025
131425
130825
130225
129625
129025
128425
127825
127225
126625
126025
126025
125425
124825
124225
123625
123025
122425
121825
121225
120625
120025
118226
117626
117026
114026
114026
112226
111626
111026
110426
109826
109226
108626
108026
107426
106826
106226
105626
105026
104426
103826
103226
102627
102027
101427
100827
100227
99627
99027
98427
97827
97227
96627
96027
95427
94827
94227
93627
93027
92427
92427
91827
91227
90627
90027
89426
88826
88226
87626
87026
86426
85826
85226
84626
84025
83425
82825
82225
81625
81025
80425
79825
79225
78624
78024
77424
76824
76224
76224
75624
75024
24609
24009
23408
22808
22208
22208
21608
21008
20407
19807
19207
18607
18007
17406
16806
16206
15606
15006
14405
13805
13205
12605
12005
11404
10804
10204
7803
