342082
341482
340882
340282
339682
339082
338482
337882
337282
330681
330081
329481
328881
328281
327681
327081
326481
325881
325281
324681
324081
323480
312680
312080
311479
310879
310279
309679
309079
297678
297078
296478
295878
295278
294678
294078
293478
292878
287477
286877
286277
285677
285077
284477
283877
283277
282677
282077
281477
280877
280277
279677
279077
278477
277877
277277
276677
276076
275476
274876
274276
273676
273076
272476
271876
271276
270676
270076
269476
268876
268276
267676
267076
266476
265876
265276
264675
264075
263475
262875
262275
261675
250274
249674
249074
248474
247874
247274
247274
246674
246074
245474
244874
244274
243674
243074
242474
241874
241273
240673
240073
239473
238873
238273
237673
237073
236473
235873
235273
234673
234073
233473
232873
232273
231673
231073
230473
229873
229272
228672
228072
227472
226872
223872
223272
222672
222072
221472
220872
220272
219672
219072
218472
217872
217271
216671
214871
214271
210071
209471
208871
208271
207671
207071
206471
205870
205270
204670
204070
203470
202870
202270
201670
201070
200470
199870
199270
198670
198070
197470
196870
186669
186069
185469
175268
174668
174068
173468
172867
172267
171667
171067
170467
169867
169267
168667
168067
167467
166867
166267
165667
165067
164467
163867
163267
162667
162067
161467
160866
160266
159666
159066
158466
157866
157266
156666
156066
155466
154866
154266
153666
153066
152466
151866
151266
150666
150066
149466
148866
148265
147665
147065
146465
145865
145265
144665
144065
143465
142865
142265
141665
141065
140465
139865
138665
138065
137465
136865
136264
135664
135064
134464
133864
133264
132664
132064
131464
130864
130264
129664
129064
128464
127864
127264
126664
126064
125464
124864
124263
123663
123063
122463
121863
121263
120663
120063
119463
118863
118263
118263
117663
117063
116463
115863
115263
114663
114063
113463
112863
112263
111663
111063
110463
109863
109263
108663
107463
106863
106262
105662
105062
104462
103862
103262
102662
102062
101462
100862
100262
99662
99062
98462
97862
97262
96662
96062
95462
94862
94262
93662
93062
92462
91862
91262
90662
90062
89462
88862
88262
87662
87062
86462
85862
85262
84662
84062
83462
82861
82261
81661
81061
80461
79261
78661
78061
77461
76861
76261
75661
75061
74461
73861
73261
72661
72061
71461
70861
70261
69661
69061
68461
67861
67261
66661
66061
65461
64861
64261
63661
63061
62461
61861
61261
60661
60060
59460
58860
58260
57060
56460
55860
55260
54660
54060
53460
52860
52260
51660
51060
50460
49860
49260
48660
48060
47460
46860
46260
45660
45060
44460
43860
43260
42660
42060
41460
40860
40260
39660
39060
38460
37860
37260
36659
36059
35459
34859
34259
33659
33059
32459
31859
31259
30659
30059
29459
28859
28259
27659
27059
26459
25859
25259
359964
359364
358764
358164
350363
349763
349163
348563
347963
347363
346763
346163
345563
344963
344363
343763
343163
341363
340762
340162
339562
338962
338362
337762
337162
336562
335962
335362
334762
334162
333562
332962
332362
331762
331162
330562
329962
329362
328762
328162
327562
316161
315561
314961
314361
313761
313161
312561
311961
311360
310760
310160
309560
308960
308360
307760
307160
306560
305960
305360
304760
304160
303560
302960
302360
301760
301160
300560
299960
299360
298760
298160
297560
296960
296359
295759
295159
294559
293959
293359
292759
292159
272958
272358
271758
271158
270558
269958
269358
268758
268158
267558
266957
266357
265757
265157
264557
263957
263357
262757
241156
240556
239956
239356
238756
238156
237555
236955
236355
235755
235155
234555
233955
233355
232755
232155
231555
230955
230355
229755
229155
215354
215354
214754
214154
211754
211154
210554
209954
209354
208754
208154
207554
206954
206354
205754
205154
203353
202753
202153
201553
200953
200353
199753
199153
198553
197953
197353
196753
196153
195553
194953
194353
194353
193754
193755
193156
192557
191958
191959
191360
190761
190162
190163
189564
188965
188366
188367
187768
187169
186570
186571
185972
359754
359154
358554
357954
357354
356754
356154
355554
354954
354954
354354
353154
352554
351954
351354
350754
350154
349553
348953
348353
347753
347153
346553
345953
344753
344153
343553
342953
342353
341753
341153
340553
339953
339352
338752
337552
336952
336352
335752
335152
333952
333352
332752
332152
331552
330952
330352
329752
329151
328551
327951
327351
326751
326151
325551
324951
324351
323751
323151
322551
321951
321351
320751
320151
319551
318350
317750
317150
316550
315950
315350
314750
314150
313550
312950
312350
311750
311150
310550
309950
309350
308749
308149
307549
306349
305749
305149
304549
303949
303349
302749
302149
301549
300949
300349
299749
298548
297948
297348
296748
296148
295548
294948
294348
293748
293148
292548
291948
291348
290748
290148
288948
288347
287747
287147
286547
285947
285347
284747
283547
282947
282347
281147
279947
279347
278747
278146
277546
276946
276346
275746
275146
274546
273946
273346
272746
272146
270346
269746
269146
268546
267946
267345
266745
266145
265545
264945
263745
263145
262545
261945
261345
260745
260145
259545
258945
258345
257745
257144
256544
255944
255344
254744
254144
253544
252944
252344
251744
251144
250544
249944
249344
248744
248144
247544
246943
246343
245743
245143
244543
243943
243343
242743
242143
241543
240943
240343
239743
239143
238543
237943
237343
236742
236142
235542
234942
234342
233742
233142
232542
231942
231342
230742
230142
229542
228942
228342
227742
227142
226541
225941
225341
224741
224141
223541
222941
222341
221741
221141
220541
219941
219341
218741
218141
217541
216941
216340
215740
215140
214540
213940
213340
212740
212140
211540
210940
210340
209740
209140
208540
207940
207340
206740
206139
205539
204939
204339
203739
203139
202539
201939
201339
200739
200139
199539
198939
198339
197739
197139
196539
195938
195338
194738
194138
193538
192938
192338
191738
191138
190538
189938
189338
188738
188138
187538
186938
186338
185737
185137
184537
183937
183337
182737
182137
181537
180937
180937
180337
179737
179137
178537
177937
177337
176737
176137
175537
174937
174337
173737
173136
172536
171936
171336
170736
170136
169536
168936
168336
167736
167136
166536
165936
165336
164736
164136
163536
162936
162336
161736
161136
160536
159936
159336
158735
158135
157535
156935
156335
155735
155135
154535
153935
153335
152735
152135
151535
150935
150335
149735
149135
148535
147935
147335
146735
146135
145535
144935
144335
143734
143134
142534
141934
141334
140734
140134
139534
138934
138334
137734
137134
136534
135934
135334
134734
134134
133534
132934
132334
131734
131134
129934
129333
128733
128133
127533
126933
126333
125733
125133
124533
123933
123333
122733
122133
121533
120933
120333
119733
119133
118533
117933
117333
116733
116133
115533
114933
114332
113732
113132
112532
111932
111332
110732
110132
109532
108932
108332
107732
107132
106532
105932
105332
104732
104132
103532
102932
102332
101732
101132
100532
99931
99331
98731
98131
97531
96931
96331
95731
95131
94531
93931
93331
92731
92131
91531
90931
90331
89731
89131
88531
87931
87331
86731
86131
85531
84930
84330
83730
83130
82530
81930
81330
80730
80130
79530
78930
78330
77730
77130
76530
75930
75330
74730
74130
73530
72930
72330
71730
71130
70529
69929
69329
68729
68129
67529
66929
66329
65729
65129
64529
63929
63329
62729
62129
61529
60929
60329
59729
59129
58529
57929
57329
56729
56129
55528
54928
54328
53728
53128
52528
51928
51328
50728
50128
49528
48928
48328
47728
47128
46528
45928
45328
44728
44128
43528
42928
42328
41728
41127
40527
39927
39327
38727
38127
37527
36927
36327
35727
35127
34527
33927
33927
33327
32727
32127
31527
30927
30327
29727
29127
28527
27927
27327
26727
26127
25527
24926
24326
23726
23126
22526
21926
21326
20726
20126
19526
18926
18326
17726
17126
16526
15926
15326
14726
14126
13526
12926
12326
11726
11126
10526
9926
9326
8726
8125
7525
6925
6325
5725
5125
4525
3925
3325
2725
2125
1525
925
325
177480
177481
177482
177483
177484
177485
177486
177487
177488
177489
177490
176891
176892
176893
176894
176895
176896
176897
176898
176899
176900
176901
176902
176903
176904
176905
176906
176907
176908
176909
176910
176911
176312
176313
176314
176315
176316
176317
176318
176319
176320
176321
176322
176323
176324
176325
176326
176327
176328
176329
177480
180937
180938
180939
180940
180941
180942
180943
180944
180945
180946
180947
180948
180349
180350
180351
180352
180353
180354
180355
180356
180357
180358
180359
180360
180361
180362
180363
180364
180365
180366
180367
180368
180369
180370
180371
180372
179773
179774
179775
179776
179777
179778
179779
179780
179781
179782
179783
179784
179785
179786
179787
179788
179789
179790
179791
179792
179793
179794
179795
179796
179197
179198
179199
179200
179201
179202
179203
179204
179205
179206
179207
179208
179209
179210
179211
179212
179213
179214
179215
179216
179217
179218
179219
179220
178621
178622
178623
178624
178625
178626
178627
178628
178629
178630
178631
178632
178633
178634
178635
178636
178637
178638
178639
178640
178641
178642
178643
178644
178045
178046
178047
178048
178049
178050
178051
178052
178053
178054
178055
178056
178057
178058
178059
178060
178061
178062
178063
178064
178065
178066
178067
178068
177469
177470
177471
177472
177473
177474
177475
177476
177477
177478
177479
180937
188474
188475
188476
188477
188478
188479
187880
187881
187882
187883
187884
187885
187886
187887
187888
187889
187890
187891
187892
187301
187302
187303
187304
187305
187306
187307
187308
187309
187310
187311
187312
187313
187314
187315
187316
187317
187318
187319
187320
186721
186722
186723
186724
186725
186726
186727
186728
186729
186730
186731
186732
186733
186734
186735
186736
186737
186738
186739
186740
186741
186142
186143
186144
186145
186146
186147
186148
186149
186150
186151
186152
186153
186154
186155
186156
186157
186158
186159
186160
186161
185562
185563
185571
185572
185573
185574
185575
185576
185577
185578
185579
185580
185581
185582
184983
184984
184985
184986
184987
184988
184989
184995
184996
184997
184998
184999
185000
185001
185002
185003
184404
184405
184406
184409
184410
184411
184412
184413
184414
184415
184416
184417
184418
184419
184420
184421
184422
184423
183825
183826
183827
183828
183829
183830
183831
183832
183833
183834
183835
183836
183837
183838
183839
183840
183841
183842
183843
183844
183245
183246
183247
183248
183249
183250
183251
183252
183253
183254
183255
183256
183257
183258
183259
183260
183261
183262
183263
183264
182665
182666
182667
182668
182669
182670
182671
182672
182673
182674
182675
182676
182677
182678
182679
182680
182681
182682
182683
182684
182685
182086
182087
182088
182089
182090
182091
182092
182093
182094
182095
182096
182097
182098
182099
182100
182101
182102
182103
182104
182105
182106
181525
181526
180927
180928
180929
180930
180931
180932
180933
180934
180935
180936
180566
179966
179366
180566
185972
185371
184771
184170
183569
182969
182368
181767
181167
185972
185972
186573
187174
187775
188376
188977
189578
190179
190780
190780
190781
191382
191383
191984
191985
191986
192587
192588
193189
193190
193190
193191
193192
193193
193194
193195
193196
193797
193798
193799
149999
149999
151191
151192
151193
150594
150595
150596
150597
149998
250200
250201
250202
250203
250204
250205
250206
250207
249608
249609
249610
249611
249612
249613
249614
249615
249616
249617
249618
249619
249620
249021
249022
249023
249024
181806
181807
181808
181809
181210
181211
181212
180629
180630
180631
180632
180633
180634
180635
180636
180637
180638
180639
180640
180641
180642
180643
180044
180045
180046
180047
180048
180049
180050
180051
180052
180053
180054
180055
180056
180057
180058
180059
179460
179461
179462
179463
179464
179465
248456
248457
248458
248459
248460
247861
247862
247863
247864
247865
247866
247867
247868
247869
247270
247271
247272
247273
247274
248455
248456
215353
211129
180484
179883
179282
178682
178081
177480
16902
16302
15702
15102
14502
13902
13302
12702
12102
11502
10902
10302
9702
149999
149399
148799
148199
147599
146999
146399
142198
141598
140998
140398
139798
139198
138598
137998
137398
136798
136198
135597
134997
134397
133797
133197
132597
131997
131397
130797
130197
129597
128997
128397
127797
127197
126597
125996
125396
124796
124196
123596
122996
122396
121796
121196
120596
119996
119396
118796
118196
117596
116995
116395
115795
107995
107394
94793
94193
93593
92993
92393
91793
91193
90593
89993
89393
88792
88192
87592
86992
86392
85792
85192
84592
83992
83392
82792
82192
81592
80992
80392
79792
79191
78591
77991
77391
76791
76191
75591
74991
74391
73791
73191
72591
71991
71391
70791
70190
69590
68990
68390
67790
67190
66590
65990
65390
64790
64190
63590
62990
62390
61790
61190
60589
59989
59389
58789
58189
57589
56989
56389
55789
55189
54589
53989
53389
52789
52189
51589
50988
50388
49788
49188
48588
47988
47388
46788
46188
45588
44988
44388
43788
43188
42588
41987
41387
40787
40187
39587
38987
38387
37787
37187
36587
35987
35387
34787
34187
33587
32987
32386
19185
18585
17985
17385
16785
16185
15585
14985
14385
13784
13184
12584
11984
11384
10784
10184
9584
8984
8384
7784
7184
6584
5984
5384
4784
4183
3583
2983
2383
1783
1183
583
149999
118263
118264
118265
118266
118267
118268
118269
118270
118271
117672
117673
117674
117675
117676
117677
117678
117679
117680
117681
117682
117683
117684
117685
117686
117687
117088
117089
117090
117091
117092
117093
117094
117095
117096
114128
113528
112928
112328
111728
111128
110528
109928
109328
108728
108128
107528
106928
106327
105727
105127
104527
103927
103327
102727
102127
101527
100927
100327
99727
99127
98527
97927
97327
96727
96127
95527
94927
94327
93727
93127
92527
91927
91327
90727
90127
89527
88927
88327
87727
87126
86526
85926
85326
84726
84126
83526
82926
82326
81726
81126
80526
79926
79326
78726
78126
77526
76926
76326
75726
75126
74526
73926
73326
72726
72126
71526
70926
70326
69726
69126
68526
67925
67325
66725
66125
65525
64925
64325
63725
63125
62525
61925
61325
60725
60125
59525
58925
58325
57725
57125
56525
55925
55325
54725
54125
53525
52925
52325
51725
51125
50525
49925
49324
48724
48124
47524
46924
46324
45724
45124
44524
43924
43324
42724
42124
41524
40924
40324
39724
39124
38524
37924
37324
36724
36124
35524
34924
34324
33724
33124
32524
31924
31324
30724
30123
29523
28923
28323
27723
27123
26523
25923
25323
24723
24123
23523
22923
22323
21723
21123
16902
16903
17504
17505
17506
18107
18108
18109
18710
18711
18712
19313
19314
19315
19916
19917
19918
20519
20520
20521
21122
16902
19274
19275
19276
19277
18678
18679
18680
18681
18682
18683
18684
18085
18086
18087
18088
18089
18090
18091
17492
17493
17494
17495
17496
17497
17498
16899
16900
16901
19274
25259
24660
24661
24062
23463
23464
22865
22266
22267
21668
21069
21070
20471
19872
19873
25259
21123
21124
21725
21726
22327
22328
22929
22930
23531
23532
24133
24134
24735
24736
25337
25338
25939
25940
26541
26542
27143
27144
27745
27746
28347
28348
28949
28950
29551
29552
30153
30154
30755
321192
320592
319992
319392
318792
88960
88360
87760
87160
86560
85960
85360
84760
84160
83560
82960
82360
81760
81160
80560
79960
79360
78760
78159
77559
76959
76359
75759
75159
74559
73959
73359
72759
72159
71559
70959
70359
69759
69159
68559
67959
67358
66758
66158
65558
64958
64358
63758
63158
62558
61958
61358
60758
60158
59558
58958
58358
57758
57157
56557
55957
55357
54757
54157
53557
52957
52357
51757
51157
50557
49957
49357
48757
48157
47557
46957
46356
45756
45156
44556
43956
43356
42756
42156
41556
40956
40356
39756
39156
38556
37956
37356
36756
36156
35555
34955
34355
33755
33155
32555
31955
31355
