329400
333622
334223
334224
334825
334826
334827
335428
335429
336030
336031
336032
336633
336634
337235
337236
337837
337838
337839
338440
338441
339042
339043
339644
339645
359467
358867
358266
357665
357065
356464
355863
355263
354662
354061
353461
352860
352259
351659
351058
350457
349857
349256
348655
348055
347454
346853
346252
345652
345051
344450
343850
343249
342648
342048
341447
340846
340246
339645
357179
356579
355979
355380
354780
354180
353580
352981
352381
351781
351181
350582
349982
349382
348782
348183
347583
346983
346383
345784
345184
344584
343984
343385
342785
342185
341585
340986
340386
339786
339186
338587
337987
337387
336787
336188
335588
334988
334388
333789
333189
332589
331989
331390
330790
330190
329590
328991
328391
327791
327191
326592
325992
325392
324792
324193
323593
322993
322393
321794
321194
320594
319994
319395
318795
318195
317595
316996
316396
307330
307331
307332
307933
307934
307935
307936
308537
308538
308539
308540
308541
309142
309143
309144
309145
309746
309747
309748
309749
310350
310351
310352
310353
310354
310955
310956
310957
310958
311559
311560
311561
311562
311563
312164
312165
312166
312167
312768
312769
312770
312771
313372
313373
313374
313375
313376
313977
313978
313979
313980
314581
314582
314583
314584
314585
315186
315187
315188
315189
315790
315791
315792
315793
316394
316395
307330
348115
347515
346916
346316
345716
345116
344517
343917
343317
342717
342117
341518
340918
333720
333121
332521
331921
331321
330722
330122
329522
328922
328322
327723
327123
326523
325323
324724
324124
323524
322924
322325
321725
321125
320525
319925
319326
318726
318126
317526
316927
313328
312728
312128
311528
310929
310329
309729
309129
308530
307930
293400
292800
292200
291600
291001
290401
289801
289201
288602
288002
287402
286802
286202
285603
285003
284403
283803
282604
282004
281404
280805
339645
339646
339647
340248
340249
340250
340251
340252
340853
340854
340855
340856
341457
341458
341459
341460
341461
342062
342063
342064
342065
342066
345088
345089
345691
345692
345693
345694
346295
346296
346297
346298
347508
348109
348110
348111
348112
348716
348717
349320
349321
349322
349923
349924
349925
349926
350527
350528
350529
350530
350531
351132
351133
351134
351135
351136
351737
351738
351739
351740
352341
352342
352343
352344
352345
352946
352947
352948
352948
352949
352950
353551
353552
353553
353554
354155
354156
354157
354158
354159
354760
354761
354762
354763
355364
355365
355366
355367
355968
355969
355970
355971
355972
356573
356574
356575
356576
357177
357178
357179
357179
357180
357181
357782
357783
357784
357785
358386
358387
358388
358389
358991
358992
359595
359596
359597
359598
359599
345009
343207
341405
340804
339603
339002
337200
313631
313031
312431
311832
311232
310632
310032
309432
308833
308233
313631
328026
327426
326827
326227
325627
325027
324427
323828
323228
322628
322028
321428
320829
320229
319629
319029
318429
317830
317230
316630
316030
315430
314831
314231
352607
352007
351408
350808
350209
349609
349010
348410
347811
347211
346612
346012
345413
344813
344214
343614
352607
89014
88414
87814
87215
86615
86015
85415
84816
84216
83616
83016
82416
81817
81217
80617
80017
79417
78818
78218
77618
77018
76419
75819
75219
74619
74019
73420
72820
72220
71620
71020
70421
69821
69221
68621
68022
67422
66822
66222
65622
65023
64423
63823
63223
62623
62024
61424
60824
60224
59625
59025
58425
57825
57225
56626
56026
55426
54826
54226
53627
53027
52427
51827
51228
50628
50028
49428
48828
48229
47629
47029
46429
45829
45230
44630
44030
43430
42831
42231
41631
41031
40431
39832
39232
38632
38032
37432
36833
36233
35633
35033
34434
33834
33234
32634
32034
31435
30835
30235
29635
28436
27836
27236
26636
26037
25437
24837
24237
23637
23038
22438
21838
21238
20638
20039
19439
18839
18239
17640
17040
16440
15840
15240
14641
14041
13441
12841
12241
11642
11042
10442
9842
9243
8643
8043
7443
6843
6244
5644
5044
4444
3844
3245
2645
2045
1445
846
246
89014
526
527
528
529
530
1131
1132
1133
1134
1135
1736
1737
1738
1739
1740
2341
2342
2343
2344
2345
2946
2947
2948
2949
2950
3551
3552
3553
3554
3555
4156
4157
4158
4159
4160
4761
4762
4763
4764
4765
5366
5367
5368
5369
5370
5971
5972
5973
5973
5974
5975
6576
6577
6578
6579
7180
7181
7787
7788
8389
8390
8391
8392
8393
8994
8995
9598
9599
307633
307033
306433
305834
305234
304634
304034
303434
302835
302235
301635
301035
300435
299836
299236
298636
298036
297436
296837
296237
295637
295037
294437
293838
293238
307633
311863
311263
310663
310063
309463
308864
308264
307664
307064
306464
305864
305264
304664
304065
303465
302865
302265
301665
301065
300465
299865
299266
298666
298066
297466
296866
89014
89015
89016
89617
89618
89619
89620
90221
90222
90223
90224
90225
90826
90827
90828
90829
90830
91431
91432
91433
91434
92035
92036
92037
92038
92039
92640
92641
92642
92643
92644
93245
93246
93247
93248
93849
93850
93851
93853
94454
94455
94456
94457
94458
95059
95060
95061
95062
95663
95664
95665
95666
95667
96269
96270
96271
96272
96873
96874
96875
96876
97477
97478
97479
97480
97481
98082
98083
98084
98085
98687
98688
98689
98690
99292
99293
99294
99295
99896
99897
99898
99899
100500
100501
100502
100503
100504
101105
101106
101107
101108
101109
101710
101711
101712
101713
102314
102315
102316
102317
102318
102919
102920
102921
102922
102923
103524
103525
103526
103527
104128
104129
104130
104131
104132
104733
104734
104735
104736
104737
105338
105339
105340
105341
105942
105943
105944
105945
105946
106547
106548
106549
106550
106551
107152
107153
107154
107155
107756
107757
107758
107759
107760
108361
108362
108363
108364
108965
108966
108967
108968
108969
109570
109571
109572
109573
109574
110175
110176
110177
110178
110779
110780
110781
110782
110783
111384
111385
111386
111387
111388
111989
111990
111991
111992
112593
112594
112595
112596
112597
113198
113199
113200
113201
113202
113803
113804
113805
113806
114407
114408
114409
114410
114411
115012
115013
115014
115015
115016
115617
115618
115619
115620
116221
116222
116223
159000
159601
159602
159603
159604
159605
160206
160207
160208
160209
160810
160811
160812
160813
161414
161415
161416
161417
162018
162019
162020
162021
162022
162623
162624
162625
162626
163227
163228
163229
163230
163831
163832
163833
163834
164435
164436
164437
164438
165039
165040
165041
165042
165043
165644
165645
165646
165647
166248
166249
166250
166251
166852
166853
166854
166855
167456
167457
167458
167459
167460
168061
168062
168063
168064
168665
168666
168667
168668
169269
169270
169271
169272
169873
169874
169875
169876
169877
170478
170479
170480
170481
171082
171083
171084
171085
171686
171687
171688
171689
172290
172291
172292
172293
172294
172895
172896
172897
172898
173499
173500
173501
173502
174103
174104
174105
174106
174707
174708
174709
174710
174711
175312
175313
175314
175315
175916
175917
175918
175919
176520
176521
176522
176523
177124
177125
177126
177127
177128
177729
177730
177731
177732
178333
178334
178335
178336
178937
178938
178939
178940
179541
179542
179543
179544
180145
180146
180147
180148
180149
180750
180751
180752
180753
181354
181355
181356
181357
181958
181959
181960
181961
182562
182563
182564
182565
182566
183167
183168
183169
183170
183771
183772
183773
183774
184375
184376
184377
184378
184979
184980
133678
133078
132478
131878
131278
130679
130079
129479
128879
128279
127679
127079
126479
125880
125280
124680
124080
123480
123480
122880
122280
121680
121081
120481
119881
119281
118681
118081
117481
116882
116282
115682
115082
114482
113882
113282
112682
112083
111483
110883
110283
109683
109083
108483
107884
107284
106684
106084
105484
104884
104284
103685
103085
102485
101885
101285
100685
100085
99486
98886
98286
97686
97086
96486
95886
95286
94687
94087
93487
92887
92287
91687
91087
90488
89888
89288
88688
88088
87488
86888
86289
85689
85089
84489
83889
83289
82689
82090
81490
80890
80290
79690
79090
78490
77890
77291
76691
76091
75491
74891
74291
73691
73092
72492
71892
71292
71292
70692
70092
69492
68893
68293
67693
67093
66493
65893
65293
64693
64094
63494
62894
62294
61694
61094
60494
59894
59295
58695
58095
57495
56895
56295
55695
55095
54496
53896
53296
52696
163670
163070
162470
161870
161271
160671
160071
159471
158871
158271
157672
157072
156472
155872
155272
154672
154073
153473
152873
152273
151673
151073
150474
149874
149274
148674
148074
147474
146874
146275
145675
145075
144475
143875
143275
142676
142076
141476
140876
140276
139676
139077
138477
137877
137277
136677
136077
135478
134878
134278
163670
212859
212259
211659
211059
210460
209860
209260
208660
208060
207460
206860
206260
205661
205061
204461
203861
203261
202661
202061
201462
200862
200262
199662
199062
198462
197862
197262
196663
196063
195463
194863
194263
193663
193063
192464
191864
191264
190664
190064
189464
188864
188264
187665
187065
186465
185865
184065
183466
181666
172668
170868
170269
169669
169069
168469
167869
166669
166069
165470
164870
164270
212859
258168
257568
256968
256369
255769
255169
254569
253970
253370
252770
252170
251571
250971
250371
249771
249172
248572
247972
248572
248572
248572
247972
247372
246773
246173
245573
244973
244373
243774
243174
332420
331820
331221
330622
330022
329423
328824
328224
327625
327025
326426
325827
325227
324628
324029
323429
322830
322830
322230
321630
321031
314433
313833
313234
312634
312034
311434
310834
310235
309635
309035
308435
307836
307236
306636
306036
305436
304837
304237
303637
303037
302437
301838
301238
300638
300038
299439
298839
298239
297639
297039
296440
295840
295240
294640
294041
293441
292841
292241
291641
291042
290442
289842
289242
288643
288043
287443
198602
198603
198604
199205
199206
199207
199208
199209
199810
199811
199812
199813
200414
200415
205255
205860
206464
207068
207069
207673
207674
208277
208278
208879
208880
208881
208882
208883
209484
209485
209486
209487
210088
210089
210090
210091
210092
210693
210694
210695
210696
210697
211298
211299
211300
211301
211902
211903
211904
211905
211906
212507
212508
212509
212510
212511
213112
213113
213114
213115
213716
213717
213718
213719
213720
214321
214322
214323
214324
214325
214926
214927
214928
214929
215530
215531
215532
215533
215534
216135
216136
216137
216138
216739
216740
216741
216742
216743
217344
217345
217346
217347
217348
217949
217950
217951
217952
218553
218554
218555
218556
218557
219158
219159
219160
219161
219162
219763
219764
219765
219766
220367
220368
220369
220369
220370
220371
220372
220973
220974
220975
220976
220977
352607
352608
353209
353210
353211
353812
353813
353814
354415
354416
354417
355018
355019
355020
355621
355622
355623
356224
356225
356226
356227
356828
356829
356830
357431
357432
357433
358034
358035
358036
358637
358638
358639
359240
359241
359242
359843
352607
359844
350848
350248
349648
349048
348449
347849
347249
346649
346050
345450
344850
344250
343650
343051
342451
341851
341251
340652
340052
339452
338852
338253
337653
337053
336453
335854
335254
334654
334054
333455
332855
332255
331655
331055
330456
329856
329256
328656
328057
327457
326857
326257
325658
325058
324458
323858
323259
322659
322059
321459
320860
320260
319660
319060
318461
317861
317261
317261
316661
316061
315462
314862
314262
313662
313063
312463
311863
296866
296266
295666
295066
294467
293867
293267
292667
292067
291467
290867
290267
289668
289068
288468
287868
287868
287268
286668
286068
285468
284869
284269
283669
283069
282469
281869
281269
280669
280070
279470
278870
278270
277670
277070
276470
275870
275271
274671
274071
273471
272871
272271
271671
271071
270472
269872
269272
268672
268072
267472
266872
266272
265672
265073
264473
263873
263273
262673
262073
261473
260873
260274
259674
259074
258474
257874
257274
256674
256074
255475
254875
254275
253675
253075
252475
251875
251275
250676
250076
249476
248876
248276
247676
247076
245877
245277
244677
244077
242877
242277
241677
241077
240478
239878
239278
238678
238078
237478
236878
236278
235679
235079
234479
233879
233279
232679
232079
231479
230880
230280
229680
229080
228480
227880
227280
226680
226081
225481
224881
224281
223681
292638
292639
292640
293241
293242
293243
293244
293845
293846
293847
293848
294449
294450
294451
294452
295053
295054
295055
295056
295657
295658
295659
295660
296261
296262
296263
296264
296865
292638
307633
307634
307635
308236
308237
308238
308239
308840
308841
308842
308843
309444
309445
309446
309447
309448
310049
310050
310051
310052
310653
310654
310655
310656
311257
311258
311259
311260
311861
311862
311863
352948
352348
351748
351148
350549
349949
349349
349349
348749
348149
347550
346950
346350
345750
345150
344551
343951
343351
342751
340352
339752
339153
338553
337953
337353
336753
336154
335554
334954
334354
333755
333155
332555
331955
331355
330756
330156
329556
277523
276923
276323
275724
275124
274524
273924
273324
272725
272125
271525
270925
270326
269726
269126
269126
268526
267926
267327
266727
266127
265527
264927
264328
248400
249001
249002
249003
249004
249005
249606
249607
249608
249609
250210
250211
250212
250213
250814
250815
250816
250817
251418
251419
251420
251421
252022
252023
252024
252025
252626
252627
252628
252629
253230
253231
253232
253233
253834
253835
253836
253837
254438
254439
254440
254441
255042
255043
255044
255045
255646
255647
255648
255648
255649
255650
256251
256252
256253
256254
256855
256856
256857
256858
256859
257460
257461
257462
257463
258064
258065
258066
258067
258668
258669
258670
258671
258672
259273
259274
259275
259276
259877
259878
259879
259880
259881
260482
260483
260484
260485
261086
261087
261088
261089
261690
261691
261692
261693
261694
262295
262296
262297
262298
262899
262900
262901
262902
262903
263504
263506
263507
264108
264109
264110
264111
264712
264713
264714
264715
264716
265317
265318
265319
265320
265921
265922
265923
265924
265925
266526
266527
266528
266529
267130
267131
267132
267133
267134
267735
267736
267737
267738
268339
268340
268341
268342
268943
268944
268945
268946
268947
269548
269549
269550
269551
270152
270153
270154
270155
270156
270757
270758
270759
270760
271361
271362
271363
271364
271965
271966
271967
271968
271969
272570
272571
272572
272573
273174
273175
273176
273177
273178
273779
273780
273781
273782
274383
274384
274385
274386
274987
274988
274989
274990
274991
275592
275593
275594
275595
276196
276197
276198
276199
276200
276801
276802
276803
277405
277406
277407
277408
278009
278010
278011
278012
278013
278614
278615
278616
278617
279218
279219
279220
61269
61270
61271
61872
61873
61874
61875
61876
62477
62478
62479
62480
63081
63082
63083
63084
63085
63686
63687
63688
63689
63690
64291
64292
64293
64294
64895
64896
64897
64898
64899
65500
65501
65502
65503
65504
66105
66106
66107
66108
66109
66710
66711
66712
66713
67314
67315
67316
67317
67318
67919
67920
67921
67922
67923
68524
68525
68526
68527
69128
69129
69130
69131
69132
69733
69734
69735
79948
79347
78746
78146
77545
76944
76343
75743
75142
74541
73940
73340
72739
72138
71537
70937
70336
79948
79948
79949
79950
80551
80552
80553
80554
81155
81156
81157
81158
81159
81760
81761
81762
81763
82364
82365
82366
82367
82368
82969
82970
82971
82972
83573
83574
83575
83576
84177
84178
84179
84180
84181
84782
84783
84784
84785
85386
85387
85388
85388
85389
85390
85991
85992
85993
85994
86595
86596
86597
86598
87199
87200
87201
87202
87203
87804
87805
87806
87807
88408
88409
88410
88411
89012
89013
89014
114609
114009
112810
112210
111610
111011
110411
109811
109211
108611
108012
107412
106812
106212
105613
105013
104413
103813
103214
102614
102014
101414
100814
100215
99615
99015
98415
97816
97216
96616
96016
95417
94817
94217
93617
93018
92418
91818
91218
90618
90019
89419
88819
88219
87620
87020
86420
85820
85221
84621
84021
83421
82822
82222
81622
81022
80422
79823
79223
78623
78023
77424
76824
76224
75624
75025
74425
73825
73225
72625
72026
71426
70826
70226
69627
69027
68427
67827
67228
66628
66028
65428
64829
64229
63629
63629
63630
63631
63632
63633
63634
63035
63036
63037
63038
63039
63040
63041
63042
63043
63044
62445
62446
62447
62448
62449
62450
62451
62452
62453
62454
61855
61856
61857
61858
61859
61860
61861
61862
61863
61864
61265
61266
61267
61268
61269
61269
60669
60069
59470
58870
58270
57670
57070
56471
55871
55271
54671
54071
53472
52872
52272
51672
51073
50473
49873
49273
48673
48074
47474
46874
46274
45674
45075
44475
43875
43275
42675
42076
41476
40876
40276
39676
39077
38477
37877
37277
36678
36078
35478
34878
34278
33679
33079
32479
31879
31279
30680
30080
29480
28880
28280
27681
27081
19284
18684
18084
17484
16884
16285
15685
15085
14485
13885
13286
12686
12086
11486
10886
10287
9687
9087
8487
7888
7288
6688
6088
5488
4889
4289
3689
3089
2489
1890
1290
690
90
106149
105549
104949
104349
103749
103149
102549
101950
101350
100750
100150
99550
98950
98350
97751
97151
96551
95951
95351
94751
94151
93552
92952
92352
91752
91152
90552
89952
89353
88753
88153
87553
86953
86353
85753
85154
84554
83954
83354
82754
82154
81554
80955
80355
79755
79155
78555
77955
77355
76756
76156
75556
74956
74356
73756
73157
72557
71957
71357
70757
70157
69557
68958
68358
67758
67158
66558
65958
65358
64759
64159
63559
62959
62359
61759
61159
60560
59960
59360
58760
58160
57560
56960
56361
55761
55161
54561
53961
53361
52761
52162
51562
50962
50362
49762
49162
48562
47963
47363
46763
46163
45563
44963
44363
43764
43164
42564
17295
17296
17297
17298
17299
17900
17901
17902
17903
17904
17905
17906
17907
18508
18509
18510
18511
18511
18512
18513
19114
19115
19116
19117
19118
19719
19720
19721
19722
20323
20324
20325
20326
20327
20928
22745
23347
23348
23952
23953
23954
23955
23956
24557
24558
24559
24560
25161
25162
25163
10172
9572
8972
8372
7773
7173
6573
41964
41364
40764
40164
39565
38965
38365
37765
37165
36565
35965
35366
34766
34166
33566
32966
32366
31767
31167
30567
29967
41964
123480
123481
123482
124083
124084
124085
124086
124687
124688
124689
124690
124691
125292
125293
125294
125295
125296
125897
127106
127107
127108
127109
127110
127711
127712
127713
127714
128315
128316
128317
128317
127717
127117
126517
125917
125318
124718
124118
123518
122918
122318
121718
121118
120519
119919
119319
118719
118119
117519
116919
116319
115720
115120
114520
113920
113320
112720
112120
111520
110921
110321
109721
109121
108521
108521
107921
107321
106721
106122
105522
104922
104322
103722
103122
102522
101923
101323
100723
100123
99523
98923
98323
97724
97124
96524
95924
95324
94724
94124
93524
92925
92325
91725
91125
90525
89925
89325
88726
88126
87526
86926
86326
85726
85126
84527
83927
83327
82727
82127
81527
80927
80328
79728
79128
78528
77928
77328
76728
76129
75529
74929
74329
73729
73129
72529
71929
71330
70730
70130
69530
68930
68330
67730
67131
66531
65931
65331
64731
64131
63531
62932
62332
61732
61132
60532
59932
59332
58733
58133
57533
56933
56333
55733
55133
54534
53934
53334
52734
52134
51534
50934
50335
49735
49135
48535
47935
47335
46735
46135
45536
44936
44336
43736
43136
42536
41936
41337
40737
40137
39537
38937
38337
37737
37138
36538
35938
35338
339645
339045
338445
337846
337246
336646
336046
335447
334847
334247
333647
333047
332448
331848
331248
330648
330048
329449
328849
328249
327649
327050
326450
325850
325250
324650
324051
323451
322851
322251
321651
321052
320452
319852
319252
318653
318053
317453
316853
316253
315654
315054
314454
313854
313254
312655
312055
311455
310855
310256
309656
309056
308456
307856
307257
306657
306057
305457
304857
304258
303658
303058
302458
301859
301259
300659
300059
299459
298860
298260
297660
297060
296460
288663
288063
287464
286864
286264
285664
285065
284465
283865
283265
282665
282066
281466
280866
280266
279666
279067
278467
277867
277267
276668
276068
275468
275468
269470
268271
267671
267071
266472
265872
265272
208117
207517
206917
206318
205718
205118
204518
203918
203319
202719
202119
201519
200919
200320
199720
199120
198520
197920
197321
196721
196121
195521
194922
194322
193722
193122
192522
191923
191323
190723
190123
189523
188924
188324
187724
187124
186524
185925
185325
184725
184125
183525
182926
182326
181726
181126
180526
179927
179327
178727
178127
177527
176928
176328
175728
175128
174528
173929
173329
172729
172129
171529
170930
170330
169730
169130
168531
167931
167331
166731
166131
165532
164932
164332
163732
163132
162533
161933
161333
160733
160133
159534
158934
158334
157734
157134
156535
155935
155335
154735
154135
153536
152936
152336
151736
151136
150537
149937
149337
148737
148137
147538
146938
146338
145738
145138
144539
143939
143339
142739
142140
141540
140940
140340
139740
139141
138541
137941
137341
136741
136142
135542
134942
208117
290890
290290
289690
289091
288491
287891
287291
286691
286092
285492
280094
279494
278894
278294
276495
275895
275295
221912
220113
219513
218913
218314
217714
217114
216514
215914
215315
214715
214115
213515
212915
212316
211716
211116
210516
209916
209317
208717
290890
299287
298687
298087
297488
296888
296288
295688
295088
294489
293889
293289
292689
292090
291490
299287
208117
208118
208119
208720
208721
208722
208723
208724
208725
209326
209327
209328
128317
128318
128319
128920
128921
128922
128923
129524
129525
129526
129527
130128
130129
130130
131337
131338
131339
133756
133757
133758
133759
133760
134361
134362
134363
134364
134965
134966
134967
134968
134969
135570
135571
135572
135573
135574
136175
136176
136177
121745
121145
120545
118146
117546
116946
116346
115746
115147
114547
113947
113347
136177
136178
136179
136780
136781
136782
136783
137384
137385
137386
137387
137388
137989
137990
137991
137992
138593
138594
138595
138596
138597
139198
139199
125821
125221
124621
124021
123421
122822
122222
121622
121022
120422
119822
119222
118622
118023
117423
116823
125821
130019
129419
128820
128220
127620
127020
126421
130019
145015
144415
143815
143215
142616
142016
141416
140816
140216
139616
139017
138417
137817
137217
136617
136017
135418
134818
134218
133618
133018
132418
131819
131219
130619
145015
175606
175006
174406
173807
173207
172607
172007
171407
170807
170208
169608
169008
168408
167808
167208
166609
166009
165409
164809
164209
163610
163010
162410
161810
161210
160610
160011
159411
158811
158211
157611
157011
156412
155812
155212
154612
154012
153413
152813
152213
151613
151013
150413
149814
149214
148614
148014
147414
146814
146215
145615
175606
167745
167746
167747
168348
168349
168350
168351
168352
168953
168954
168955
168956
169557
169558
169559
169560
169561
170162
170163
170164
170165
170166
170767
170768
170769
170770
171371
171372
171373
171374
171375
171976
171977
171978
171979
171980
172581
172582
172583
172584
173185
173186
173187
173188
173189
173790
173791
173792
173793
173794
174395
174396
174397
174398
174999
175000
175001
175002
175003
175604
175605
167745
162301
162302
162303
162904
162905
162906
162907
162908
163509
163510
163511
163512
163513
164114
164115
164116
164117
164118
164719
164720
164721
164722
164723
165324
165325
165326
165327
165928
165929
165930
165931
165932
166533
166534
166535
166536
166537
167138
167139
167140
167141
167142
167743
167744
162301
155650
155651
155652
156253
156254
156255
156256
156857
156858
156859
156860
156861
157462
157463
157464
157465
157466
158067
158068
158069
158070
158671
158672
158673
158674
158675
159276
159277
159278
159279
159280
159881
159882
159883
159884
160485
160486
160487
160488
160489
161090
161091
161092
161093
161094
161695
161696
161697
161698
162299
162300
155650
209030
208430
207830
207231
206631
206031
205431
204832
204232
203632
203032
202432
201833
201233
200633
200033
199434
198834
198234
197634
197034
196435
195835
195235
194635
194036
193436
192836
192236
191637
191037
190437
189837
189237
188638
188038
187438
186838
186239
185639
185039
184439
183839
183240
182640
182040
181440
180841
180241
179641
179041
178441
177842
177242
176642
176042
175443
174843
174243
173643
173043
172444
171844
171244
170644
170045
169445
168845
168245
167646
167046
166446
165846
165246
164647
164047
163447
162847
162248
161648
161048
160448
159848
159249
158649
158049
157449
156850
156250
209030
213828
213228
212628
212029
211429
210829
210229
209630
213828
209592
209593
209594
210195
210196
210197
210198
210199
210800
210801
210802
210803
210804
211405
211406
211407
211408
211409
211410
212014
212015
212620
213221
213222
213223
213224
213225
213826
213827
209592
206573
206574
207175
207176
207177
207178
207779
207780
207781
207782
208383
208384
208385
208386
208987
208988
208989
208990
209591
206573
213828
213829
213830
214431
214432
214433
214434
215035
215036
215037
215038
215639
215640
215641
215642
215643
216244
216245
216246
216247
216848
216849
216850
216851
217452
217453
217454
217455
218056
218057
218058
231268
230668
230067
229467
228866
228266
227665
227065
226464
225864
225263
224663
224063
223462
222862
221060
220460
219859
219259
218658
231268
231268
231269
231870
231871
231872
232473
232474
232474
232475
232476
233077
233078
233079
233080
233081
233682
233683
233684
233685
234286
234287
234288
234289
234290
234891
234892
234893
234894
234895
235496
235497
235498
235499
235500
236101
236102
236103
236104
236705
236706
236707
236708
236709
237310
237311
236112
233113
232514
231914
231314
230714
230114
229515
228915
228315
227715
227115
225316
224716
224116
223517
222917
222317
221717
221117
220518
219918
219318
218718
218118
217518
216919
216319
215719
215119
214519
213920
213320
212720
212120
211520
210921
210321
209721
209121
208521
207922
207322
206722
206122
205522
204923
204323
203723
203123
202523
201924
201324
200724
200124
199524
198925
198325
197725
251184
250585
249985
249385
248785
248185
247585
246986
246386
245786
245186
244586
243986
243387
242787
242187
241587
240987
240387
239788
239188
238588
237988
237388
236788
236189
235589
234989
234389
233789
233189
232590
231990
231390
230790
230190
229591
228991
228391
227791
227191
226591
225992
225392
224792
224192
223592
222992
222393
221793
221193
220593
219993
219393
218794
218194
217594
216994
216394
215794
215195
214595
213995
213395
212795
212196
211596
210996
210396
209796
209196
208597
207997
207397
206797
206197
205597
204998
204398
203798
203198
202598
201399
200799
200199
199599
198999
198399
197800
197200
196600
196000
195400
194800
194201
193601
193001
192401
191801
191202
190602
190002
189402
188802
188202
187603
187003
186403
185803
185203
184603
184004
183404
182804
182204
181604
181004
180405
179805
179205
178605
178005
177405
176806
176206
167745
167145
166545
165946
165346
164746
164146
163546
162947
162347
161747
161147
160547
159948
159348
158748
158148
157548
156949
156349
155749
155149
154549
153950
153350
152750
152150
151550
150950
150351
149751
149151
148551
147951
147352
146752
146152
145552
144952
144353
143753
143153
142553
141953
141354
140754
140154
139554
138954
138355
137755
137155
249359
249360
249361
249962
249963
249964
249965
249966
250567
250568
250569
250570
250571
251172
251173
251174
251175
251176
251777
251778
251779
251780
251781
252382
252383
244518
244519
244520
245122
245123
245124
245125
245126
245727
245728
245729
245730
245731
246332
246333
244518
244518
243918
243317
242717
242116
241516
240915
240315
239714
239114
268460
267860
267260
266661
266061
265461
264861
264262
263662
263062
262462
261863
261263
260663
260663
260063
259463
258864
258264
257664
257064
256465
255865
255265
239071
237872
237272
236672
236073
235473
234873
234273
233674
233074
232474
116223
116224
116225
116826
116827
116828
116829
116830
117431
117432
117433
117434
118035
118036
118037
118038
118039
118640
118641
118642
118643
118644
119245
119246
119247
119248
119249
119850
119851
119852
119853
120454
120455
120456
120457
120458
121059
121060
121061
121062
121063
121664
121665
121666
121667
121668
122269
122270
122271
122272
122873
122874
122875
122876
122877
123478
123479
123480
284618
284018
283418
282819
282219
281619
281019
280420
279820
284618
317605
315806
289416
288816
288217
287617
287017
286417
285818
285218
317605
316396
316397
316398
316999
317000
317001
317002
317603
317604
316396
317377
317378
317379
317980
317981
317982
318584
318585
318586
318587
319189
319190
319191
319192
319193
319794
319795
319796
319797
320398
320399
317377
220369
219769
219169
218569
217969
217369
216770
216170
215570
214970
214370
184981
184381
183781
183182
182582
181982
181382
180782
180183
179583
178983
178383
177783
177184
176584
175984
175384
174785
174185
173585
172985
172385
171786
171186
170586
169986
169386
168787
168187
167587
166987
166387
165788
165188
164588
163988
163388
162789
162189
161589
160989
160389
159790
159190
158590
157990
157390
156791
156191
155591
154991
154392
153792
153192
152592
151992
151393
150793
150193
149593
148993
148394
147794
147194
146594
145994
145395
144795
144195
143595
142995
142396
141796
141196
140596
139996
139397
138797
138197
137597
136997
136398
135798
135198
134598
133999
133399
132799
132199
131599
131000
130400
129800
129200
128600
128001
127401
126801
126201
125601
125002
124402
123802
123202
122602
122003
121403
120803
120203
119603
119004
118404
117804
117204
116605
116005
115405
114805
114205
113606
113006
112406
111806
111206
110607
110007
109407
108807
108207
107608
107008
106408
105808
105208
104609
104009
103409
102809
102209
101610
101010
100410
99810
99210
98611
98011
97411
96811
96212
95612
95012
94412
93812
93213
92613
92013
91413
90813
90214
89614
184981
206573
205973
205373
204774
204174
203574
202974
202375
201775
201175
200575
199975
199376
198776
198176
197576
196977
196377
195777
195177
194577
193978
193378
192778
192178
191579
190979
190379
189779
189179
188580
187980
187380
186780
186181
185581
206573
214370
213770
213170
212571
211971
211371
210771
210172
209572
208972
208372
207773
207173
214370
218058
217459
216860
131211
131212
131213
131214
130615
130616
130617
130018
128178
128179
128180
128781
128782
128783
128784
128785
129386
129387
129388
129389
129390
129991
129992
129993
129994
128178
69468
69469
69470
69471
69472
70073
70074
70075
70076
70077
70078
70079
70080
70681
70682
70683
70684
70685
70686
70687
70688
71289
71290
71291
69468
57940
57941
57942
57943
58544
58545
58546
58547
58548
58549
59150
59151
59152
59153
59154
59155
59756
59757
59758
59759
59760
59761
60362
60363
60364
60365
60366
60367
60968
60969
60970
60971
60972
60973
60974
61575
61576
61577
61578
61579
61580
62181
62182
62183
62184
62185
62186
62787
62788
62789
62790
62791
62792
63393
63394
63395
63396
63397
63398
63999
64000
64001
64002
64003
64004
64605
64606
64607
64608
64609
64610
64611
65212
65213
65214
65215
65216
65217
65818
65819
65820
65821
65822
65823
66424
66425
66426
66427
66428
66429
67030
67031
67032
67033
67034
67035
67636
67637
57940
177295
176696
176096
175496
174896
174297
173697
173097
172497
171897
171298
170698
170098
169498
168899
168299
167699
167099
166499
165900
165300
164700
164100
163501
162901
162301
143822
143823
143224
143225
143226
143227
142628
142629
142630
142031
142032
142033
141434
141435
141436
141437
140838
143822
145015
145016
144417
144418
144419
144420
143821
145015
137155
137156
137157
137758
137759
137760
137761
138362
138363
138364
138365
138366
138967
138968
138969
138970
138971
139572
139573
139574
139575
140176
140177
140178
140179
140180
140781
140782
140783
140784
140785
141386
141387
141388
141389
141990
141991
141992
141993
141994
142595
142596
142597
142598
143199
143200
143201
143202
143203
143804
143805
143806
143807
143808
144409
144410
144411
144412
145013
145014
137155
125061
125062
125063
125664
125665
125666
125667
125668
126269
126270
126271
126272
126873
126874
126875
126876
126877
127478
127479
127480
127481
127482
128083
128084
128085
128086
128687
128688
128689
128690
128691
129292
129293
129294
129295
129296
129897
129898
129899
129900
130501
130502
130503
130504
130505
131106
131107
131108
131109
131110
131711
131712
131713
131714
131715
132316
132317
132318
132319
132920
132921
132922
132923
132924
133525
133526
133527
133528
133529
134130
134131
134132
134133
134734
134735
134736
134737
134738
135339
135340
135341
135342
135343
135944
135945
135946
135947
136548
136549
136550
136551
136552
137153
137154
125061
155650
155050
154450
153851
153251
152651
152051
151452
150852
150252
149652
149052
148453
147853
147253
146653
146053
145454
144854
144254
143654
143055
142455
141855
141255
140655
140056
139456
138856
138256
137656
137057
136457
135857
135257
134658
134058
133458
132858
132258
131659
131059
130459
129859
129259
128660
128060
127460
126860
126261
125661
155650
210537
210538
210539
211140
211141
211142
211143
211744
211745
211746
211747
212348
212349
212350
212351
212952
212953
212954
212955
213556
213557
213558
213559
213560
214161
214162
214163
214164
214765
214766
214767
214768
215369
215370
215371
215372
209328
209329
209330
209931
209932
209933
209934
210535
210536
210537
279220
279221
279222
279823
279824
279825
279826
280427
280428
280429
280430
280431
281032
281033
281034
281035
281636
281637
281638
281639
281640
282241
282242
282243
282244
282245
282846
282847
282848
282849
283450
283451
283452
283453
283454
284055
284056
284057
284058
284659
284660
284661
284662
284663
285264
285265
285266
285267
285868
285869
285870
285871
285872
286473
286474
286475
286476
286477
287078
287079
287080
287081
287682
287683
287684
287685
287686
288287
288288
288289
288290
288891
288892
288893
288894
288895
289496
289497
289498
289499
290100
290101
290102
290103
290104
290705
290706
290707
290708
291309
291310
291311
291312
291313
291914
291915
291916
291917
291918
292519
292520
292521
292522
293123
293124
293125
293126
293127
293728
293729
293730
293731
294332
294333
294334
294335
294336
294937
294938
294939
294940
295541
295542
295543
295544
295545
296146
296147
296148
296149
296750
296751
296752
296753
296754
297355
297356
297357
297358
297359
297960
297961
297962
297963
298564
298565
298566
298567
298568
299169
299170
299171
299172
299773
299774
299775
299776
299777
300378
300379
300380
300381
300982
300983
300984
300985
300986
301587
301588
301589
301590
301591
302192
302193
302194
302195
302796
302797
302798
302799
302800
303401
303402
303403
303404
304005
304006
304007
304007
304008
304009
304610
304611
304612
304613
305214
305215
305216
305217
305818
305819
305820
305821
305822
306423
306424
306425
306426
307027
307028
307029
307030
307631
307632
307633
307742
307743
308344
308345
308946
308947
309548
309549
310150
310151
310752
310753
310754
311355
311356
311957
311958
312559
312560
313161
313162
313763
313764
314365
314366
314367
314968
314969
315570
315571
316172
316173
316774
316775
317376
307742
302308
302309
302910
302911
302912
302913
303514
303515
303516
303517
304118
304119
304120
304121
304722
304723
304724
304725
305326
305327
305328
305929
305930
305931
305932
306533
306534
306535
306536
307137
307138
307139
307140
307741
302308
299287
299288
299289
299890
299891
299892
299893
300494
300495
300496
300497
301098
301099
301100
301101
301702
301703
301704
301705
302306
302307
299287
296866
296867
296868
297469
297470
297471
297472
297473
298074
298075
298076
298077
298078
298079
298680
298681
298682
298683
298684
299285
299286
296866
311863
311864
311865
312466
312467
312468
312469
313070
313071
313072
313073
313074
313675
313676
313677
313678
314279
314280
314281
314282
314283
314884
314885
314886
314887
315488
315489
315490
316092
316093
316094
316095
316096
316697
316698
316699
316700
317301
317302
317303
317303
317304
317305
317906
317907
317908
317909
318510
318511
318512
318513
318514
319115
319116
319117
319118
319119
319720
319721
319722
319723
320324
320325
320326
320327
320328
320929
320930
320931
320932
321533
321534
321535
321536
321537
322138
322139
322140
322141
322742
322743
322744
322745
322746
323347
323348
323349
323350
323351
323952
323953
323954
323955
324556
324557
324558
324559
324560
325161
325162
325163
325164
325765
325766
325767
325768
325769
326370
326371
326372
326373
326974
326975
326976
326977
326978
327579
327580
327581
327582
327583
328184
328185
328186
328187
328788
328789
328790
328791
328792
329393
329394
329395
329396
329997
329999
289613
289614
289615
290216
290217
290218
290219
290220
290821
290822
290823
290824
290825
291426
291427
291428
291429
291430
292031
292032
292033
292034
292035
292636
292637
289613
277523
277524
277525
278126
278127
278128
278129
278730
278731
278732
278733
278734
279335
279336
279337
279338
279939
279940
279941
279942
279943
280544
280545
280546
280547
281148
281149
281150
281151
281152
281753
281754
281755
281756
282357
282358
282359
282360
282361
282962
282963
282964
282965
283566
283567
283568
283569
283570
284171
284172
284173
284174
284775
284776
284777
284778
284779
285380
285381
285382
285383
285984
285985
285986
285987
285988
286589
286590
286591
286592
287193
287194
287195
287196
287197
287798
287799
287800
287801
288402
288403
288404
288405
288406
289007
289008
289009
289010
289611
289612
277523
268460
268461
268462
269063
269064
269065
269066
269667
269668
269669
269670
270271
270272
270273
270274
270875
270876
270877
270878
271479
271480
271481
271482
271483
272084
272085
272086
272087
272688
272689
272690
272691
273292
273293
273294
273295
273896
273897
273898
273899
274500
274501
274502
274503
274504
275105
275106
275107
275108
275709
275710
275711
275712
276313
276314
276315
276316
276917
276918
276919
276920
277521
277522
268460
266020
266021
266022
266023
266024
266025
266626
266627
266628
266629
266630
266631
266632
266633
266634
266635
267236
267237
267238
267239
267240
267241
267242
267243
267244
267245
267846
267847
267848
267849
267850
267851
267852
267853
267854
267855
268456
268457
268458
268459
266020
284240
283640
283040
282440
281841
281241
280641
280041
279441
278841
278242
277642
277042
276442
275842
275242
274643
274043
273443
272843
272243
271643
271044
270444
269844
269244
268644
268044
267444
266845
266245
265645
265045
264445
263845
263246
262646
262046
261446
260846
260246
259647
259047
258447
257847
257247
256647
256048
255448
254848
254248
253648
253048
252448
251849
251249
250649
250049
249449
248849
248250
247650
247050
246450
245850
245250
244651
244051
243451
242851
242251
241651
241051
240452
239852
239252
238652
238052
237452
236853
236253
235653
235053
234453
233853
233254
232654
232054
231454
230854
230254
229655
229055
228455
227855
227255
226655
226055
225456
224856
224256
223656
223056
222456
221857
221257
220657
220057
219457
218857
218258
217658
217058
216458
215858
215258
214659
214059
213459
284240
292638
292038
291438
290838
290239
289639
289039
288439
287839
287239
286639
286040
285440
284840
292638
223681
223081
222481
221881
221281
220681
220081
219481
218881
218281
217681
217081
216481
215881
215281
214681
214081
213481
212881
212281
211681
211081
210481
209881
209281
208681
208081
207481
206881
206281
205681
205081
204481
203881
203281
202681
202081
201481
200881
200281
199681
199081
198481
197881
197281
196681
196081
195481
194881
194281
193682
193082
192482
191882
191282
190682
190082
189482
188882
188282
187682
187082
186482
185882
185282
184682
184082
183482
182882
182282
181682
181082
180482
179882
179282
178682
178082
177482
176882
176282
175682
175082
174482
173882
173282
172682
172082
171482
170882
170282
169682
169082
168482
167882
167282
166682
166082
165482
164882
164282
164282
163682
163082
162482
161882
161282
160682
160081
159481
158881
158281
157681
157081
156481
155881
155281
154681
154081
153481
152881
152280
151680
151080
150480
149880
149280
148680
148080
147480
146880
146280
145680
145079
144479
143879
143279
142679
142079
141479
140879
140279
139679
139079
138479
137879
137278
136678
136078
135478
134878
134278
133678
69735
69135
68535
67936
67336
66736
66136
65536
64937
64337
63737
63137
62537
61938
61338
60738
60138
59539
58939
58339
57739
57139
56540
55940
55340
54740
54140
53541
52941
52341
51741
51141
50542
49942
49342
48742
48142
47543
46943
46343
45743
45144
44544
43944
43344
42744
42145
41545
40945
40345
39745
37946
37346
36746
36147
35547
34947
34347
33747
33148
32548
31948
31348
30748
30149
29549
28949
28349
27750
27150
26550
25950
25350
24751
24151
23551
21752
21152
20552
19952
19352
18753
18153
17553
16953
16353
15754
15154
14554
2558
1958
1359
759
159
311981
311982
311983
312584
312585
312586
312587
313188
313189
313190
313191
313792
313793
313794
313795
313796
314397
314398
314399
311981
298752
299353
299954
299955
300556
301157
301758
301759
302360
302961
303562
303563
304164
304765
305366
305367
305968
306569
307170
307171
307772
308373
308974
308975
309576
310177
310778
310779
311380
298752
293311
293312
293313
293914
293915
293916
293917
294518
294519
294520
294521
294522
295123
295124
295125
295126
295727
295728
295729
295730
295731
296332
296333
296334
296335
296336
296937
296938
296939
296940
297541
297542
297543
297544
297545
298146
298147
298148
298149
298750
298751
293311
290890
290891
290892
291493
291494
291495
291496
291497
292098
292099
292100
292101
292102
292103
292704
292705
292706
292707
292708
293309
293310
290890
287868
287869
287870
288471
288472
288473
288474
289075
289076
289077
289078
289079
289680
289681
289682
289683
290284
290285
290286
290287
290888
290889
287868
284240
284241
284242
284843
284844
284845
284846
284847
285448
285449
285450
285451
286052
286053
286054
286055
286056
286657
286658
286659
286660
286661
287262
287263
287264
287265
287866
287867
284240
280616
280617
280618
281219
281220
281221
281222
281823
281824
281825
281826
282427
282428
282429
282430
283031
283032
283033
283034
283635
283636
283637
283638
284239
280616
269126
269127
269128
269729
269730
269731
269732
269733
270334
270335
270336
270337
270938
270939
270940
270941
270942
271543
271544
271545
271546
271547
272148
272149
272150
272151
272152
272753
272754
272755
272756
273357
273358
273359
273360
273361
273962
273963
273964
273965
273966
274567
274568
274569
274570
274571
275172
275173
275174
275175
275776
275777
275778
275779
275780
276381
276382
276383
276384
276385
276986
276987
276988
276989
277590
277591
277592
277593
277594
278195
278196
278197
278198
278199
278800
278801
278802
278803
278804
279405
279406
279407
279408
280009
280010
280011
280012
280013
280614
280615
269126
264896
264897
264898
265499
265500
265501
265502
266103
266104
266105
266106
266707
266708
266709
266710
266711
267312
267313
267314
267315
267916
267917
267918
267919
268520
268521
268522
268523
269124
269125
264896
260663
260664
260665
261266
261267
261268
261269
261270
261871
261872
261873
261874
262475
262476
262477
262478
262479
263080
263081
263082
263083
263084
263685
263686
263687
263688
264289
264290
264291
264292
264293
264894
264895
260663
247972
247973
247974
248575
248576
248577
248578
249179
249180
249181
249182
249783
249784
249785
249786
249787
250388
250389
250390
250391
250992
250993
250994
250995
251596
251597
251598
251599
251600
252201
252202
252203
252204
252805
252806
252807
252808
253409
253410
253411
253412
253413
254014
254015
254016
254017
254618
254619
254620
254621
255222
255223
255224
255225
255226
255827
255828
255829
255830
256431
256432
256433
256434
257035
257036
257037
257038
257039
257640
257641
257642
257643
258244
258245
258246
258247
258848
258849
258850
258851
258852
259453
259454
259455
259456
260057
260058
260059
260060
260661
260662
247972
225000
225001
225602
225603
225604
225605
226206
226207
226208
226209
226210
226811
226812
226813
226814
226815
227416
227417
227418
227419
228020
228021
228022
228023
228024
228625
228626
228627
228628
229229
229230
229231
229232
229233
229834
229835
229836
229837
230438
230439
230440
230441
230442
231043
231044
231045
231046
231647
231648
231649
231650
231651
232252
232253
232254
232255
232256
232857
232858
232859
232860
233461
233462
233463
233464
233465
234066
234067
234068
234069
234670
234671
234672
234673
234674
235275
235276
235277
235278
235879
235880
235881
235882
235883
236484
236485
236486
236487
237088
237089
237090
237091
237092
237693
237694
237695
237696
238297
238298
238299
238300
238301
238902
238903
238904
238905
238906
239507
239508
239509
239510
240111
240112
240113
240114
240115
240716
240717
240718
240719
241320
241321
241322
241323
241324
241925
241926
241927
241928
242529
242530
242531
242532
242533
243134
243135
243136
243137
243738
243739
243740
243741
243742
244343
244344
244345
244346
244947
244948
244949
244950
244951
245552
245553
245554
245555
245556
246157
246158
246159
246160
246761
246762
246763
246764
246765
247366
247367
247368
247369
247970
247971
359796
359196
358597
357998
357399
356800
356201
355602
355003
354404
353805
353206
258168
258169
258170
258771
258772
258773
258774
259375
259376
259377
259378
259979
259980
259981
259982
260583
260584
260585
260586
261187
261188
261189
261190
261791
261792
261793
261794
262395
262396
262397
262398
262999
263000
263001
263002
263603
263604
263605
263606
264207
264208
264209
264210
264811
264812
264813
264814
265415
265416
265417
265418
266019
258168
235814
235815
235816
236417
236418
236419
237021
237022
237023
237024
237625
237626
237628
238229
238230
238231
238232
238833
238834
238835
238836
239437
239438
239439
239440
239441
240042
240043
240044
240045
240646
240647
240648
240649
241250
241251
241252
241253
241854
241855
241856
241857
242458
242459
242460
242461
243062
243063
243064
243065
243066
243667
243668
243669
243670
244271
244272
244273
244274
244875
244876
244877
244878
245479
245480
245481
245482
246083
246084
246085
246086
246687
246688
246689
246690
246691
247292
247293
247294
247295
247896
247897
247898
247899
248500
248501
248502
248503
249104
249105
249106
249107
249708
249709
249710
249711
250312
250313
250314
250315
250916
250917
250918
250919
250920
251521
251522
251523
251524
252125
252126
252127
252128
252729
252730
252731
252732
253333
253334
253335
253336
253937
253938
253939
253940
254541
254542
254543
254544
254545
255146
255147
255148
255149
255750
255751
255752
255753
256354
256355
256356
256357
256958
256959
256960
256961
257562
257563
257564
257565
258166
258167
235814
233400
234001
234002
234003
234004
234605
234606
234607
234608
235209
235210
235211
235212
235813
17295
16695
16095
15495
14896
14296
13696
13096
12496
11297
10697
10097
9497
8897
8297
7697
7098
6498
5898
5298
4698
4098
3498
2899
2299
1699
1099
499
17295
36493
35893
35293
34693
34093
33493
32893
32293
31693
31094
30494
29894
29294
28694
28094
27494
26894
26294
25694
25094
24494
23894
23294
22694
22094
21495
20895
20295
19695
19095
18495
17895
36493
52696
52096
51496
50896
50296
49695
49095
48495
47895
47295
46695
46095
45495
44895
44294
43694
43094
42494
41894
41294
40694
40094
39494
38893
38293
37693
37093
52696
52696
52096
51497
50897
50297
49698
49098
48498
47899
47299
46699
46100
45500
44900
44301
43701
43101
42501
41902
41302
40702
40103
39503
38903
38304
37704
37104
36505
35905
35305
34706
34106
34106
33506
32906
32307
31707
31107
30507
29907
29308
28708
28108
27508
26908
26308
25709
25109
24509
23909
23309
22710
22110
21510
20910
20310
19711
19111
18511
18511
17911
17311
16712
16112
15512
14912
14313
13713
13113
12513
11913
11314
10714
10114
9514
8914
8315
7715
7115
6515
5916
5316
4716
4116
3516
2917
2317
1717
1117
518
322701
322702
322703
323304
323305
323306
323307
323908
323909
323910
323911
323912
324513
324514
324515
324516
324517
325118
325119
325120
325121
325722
325723
325724
325725
325726
326327
326328
326329
326330
326931
326932
326933
326934
326935
327536
327537
327538
327539
328140
328141
328142
328143
328144
328745
328746
328747
328748
328749
329350
329351
329352
329353
329954
329955
329956
329957
329958
330559
330560
330561
330562
331163
331164
331165
331166
331167
331768
331769
331770
331771
332372
332373
332374
332375
332376
332977
332978
332979
332980
332981
333582
333583
333584
333585
334186
334187
334188
334189
334190
334791
334792
334793
334794
335395
335396
335397
335398
335399
322701
317261
317262
317263
317864
317865
317866
317867
318468
318469
318470
318471
318472
319073
319074
319075
319076
319677
319678
319679
319680
319681
320282
320283
320284
320285
320886
320887
320888
320889
321490
321491
321492
321493
321494
322095
322096
322097
322098
322699
322700
317261
313631
313632
313633
314234
314235
314236
314237
314238
314839
314840
314841
314842
314843
315444
315445
315446
315447
315448
316049
316050
316051
316052
316053
316654
316655
316656
316657
316658
317259
317260
313631
310005
310006
310007
310608
310609
310610
310611
311212
311213
311214
311215
311816
311817
311818
311819
311820
312421
312422
312423
312424
313025
313026
313027
313028
313629
313630
310005
284618
284619
284620
285221
285222
285223
285224
285825
285826
285827
285828
285829
286430
286431
286432
286433
287034
287035
287036
287037
287038
287639
287640
287641
287642
288243
288244
288245
288246
288847
288848
288849
288850
288851
289452
289453
289454
289455
290056
290057
290058
290059
290060
290661
290662
290663
290664
291265
291266
291267
291268
291269
291870
291871
291872
291873
292474
292475
292476
292477
292478
293079
293080
293081
293082
293683
293684
293685
293686
293687
294288
294289
294290
294291
294892
294893
294894
294895
295496
295497
295498
295499
295500
296101
296102
296103
296104
296705
296706
296707
296708
296709
297310
297311
297312
297313
297914
297915
297916
297917
297918
298519
298520
298521
298522
299123
299124
299125
299126
299127
299728
299729
299730
299731
300332
300333
300334
300335
300936
300937
300938
300939
300940
301541
301542
301543
301544
302145
302146
302147
302148
302149
302750
302751
302752
302753
303354
303355
303356
303357
303358
303959
303960
303961
303962
304563
304564
304565
304566
304567
305168
305169
305170
305171
305772
305773
305774
305775
305776
306377
306378
306379
306380
306981
306982
306983
306984
307585
307586
307587
307588
307589
308190
308191
308192
308193
308794
308795
308796
308797
308798
309399
309400
309401
309402
310003
310004
284618
265272
265273
265274
265875
265876
265877
265878
266479
266480
266481
266482
266483
267084
267085
267086
267087
267688
267689
267690
267691
267692
268293
268294
268295
268296
268297
268898
268899
268900
268901
269502
269503
269504
269505
269506
270107
270108
270109
270110
270711
270712
270713
270714
270715
271316
271317
271318
271319
271920
271921
271922
271923
271924
272525
272526
272527
272528
272529
273130
273131
273132
273133
273734
273735
273736
273737
273738
274339
274340
274341
274342
274943
274944
274945
274946
274947
275548
275549
275550
275551
276152
276153
276154
276155
276156
276757
276758
276759
276760
277361
277362
277363
277364
277365
277966
277967
277968
277969
277970
278571
278572
278573
278574
279175
279176
279177
279178
279179
279780
279781
279782
279783
280384
280385
280386
280387
280388
280989
280990
280991
280992
281593
281594
281595
281596
281597
282198
282199
282200
282201
282202
282803
282804
282805
282806
283407
283408
283409
283410
283411
284012
284013
284014
284015
284616
284617
265272
255000
255601
255602
255603
255604
256205
256206
256207
256208
256809
256810
256811
256812
256813
257414
257415
257416
257417
258018
258019
258020
258021
258622
258623
258624
258625
258626
259227
259228
259229
259230
259831
259832
259833
259834
259835
260436
260437
260438
260439
261040
261041
261042
261043
261644
261645
261646
261647
261648
262249
262250
262251
262252
262855
262856
263461
264062
264063
264064
264065
264666
264667
264668
264669
265270
265271
289613
289013
288413
287814
287214
286614
286014
285414
284815
284215
283615
283015
282415
281816
281216
289613
304007
303407
302807
302208
301608
301008
300408
299809
299209
298609
298009
297410
296810
296210
295610
295011
294411
293811
293211
292612
292012
291412
290812
290213
304007
310005
309405
308805
308206
307606
307006
305806
305207
304607
310005
302308
301708
301108
300509
299909
299309
298709
298109
297510
296910
296310
295710
295110
294511
293911
302308
317303
316703
316103
315504
314904
314304
313704
313104
312505
311905
311305
310705
310105
309506
308906
308306
307706
307106
306507
305907
305307
304707
304107
303508
302908
317303
322701
322101
321501
320902
320302
319702
319102
318503
317903
322701
275468
276071
275468
225693
225093
224493
225693
225693
226296
226297
226298
226299
226300
226901
226902
226903
226903
226303
225703
225104
224504
223904
223304
222704
222105
221505
220905
220903
220904
264896
264296
263696
263096
262497
261897
261297
260697
